4593
99 100
11 74
76 96
90 92
45 69
81 92
22 34
58 78
72 85
8 40
29 78
96 100
83 94
46 91
64 65
22 52
75 80
69 80
23 62
5 8
94 98
1 23
12 98
68 94
39 54
77 79
58 63
23 64
87 94
60 87
67 99
45 79
76 92
76 99
14 66
88 99
3 32
98 100
61 89
33 86
75 94
65 86
39 59
70 75
96 98
35 80
35 66
31 37
82 93
81 89
41 61
43 77
26 53
23 73
31 48
40 51
90 97
88 90
71 98
83 92
43 70
33 80
79 93
55 66
29 71
68 84
11 71
54 59
77 94
50 100
87 95
55 97
49 57
98 99
62 71
89 94
23 84
51 69
24 90
79 89
13 32
54 78
35 78
89 96
30 99
96 99
11 82
31 86
79 87
80 89
32 92
98 100
89 92
20 41
3 44
49 93
90 98
91 94
37 93
3 28
19 79
12 73
86 100
7 71
64 98
53 55
6 94
8 39
55 79
7 61
57 80
92 96
76 77
68 93
48 70
33 93
35 65
75 91
13 78
2 95
51 96
70 99
22 78
97 98
91 94
10 98
38 75
24 25
45 84
5 40
11 83
4 21
31 42
8 79
95 98
25 67
43 62
22 35
24 38
31 70
31 71
64 86
8 19
42 96
32 33
58 72
75 87
19 61
19 28
59 62
50 83
64 66
3 56
30 48
70 95
57 58
65 97
41 50
35 48
28 60
29 73
17 82
1 41
71 87
68 87
17 70
2 77
95 96
55 91
51 89
24 93
11 90
43 44
40 86
2 95
50 74
87 90
6 99
58 81
37 52
9 28
99 100
86 88
78 80
81 91
78 100
60 98
10 48
74 85
3 29
94 100
60 84
24 88
84 91
25 74
74 80
31 86
64 91
44 59
56 72
24 88
37 40
63 85
54 75
30 58
98 99
13 65
93 95
5 80
44 62
90 99
30 55
83 90
98 99
31 90
55 80
83 90
86 88
23 38
33 74
38 75
34 55
65 83
69 95
64 85
14 40
52 59
31 81
74 93
27 87
9 34
90 92
21 91
24 49
44 69
15 67
84 96
51 79
67 74
92 97
90 98
55 63
18 64
90 100
69 82
8 97
48 97
56 80
56 83
75 91
38 99
57 60
19 74
24 87
46 98
52 57
35 42
64 74
3 59
6 8
98 99
32 49
32 75
34 85
67 72
6 89
26 30
97 99
46 88
62 78
39 43
21 34
6 13
71 100
32 99
58 72
47 98
28 99
50 72
89 99
95 98
13 38
37 92
61 90
32 69
11 47
88 93
57 82
69 85
44 91
42 56
16 71
60 97
55 93
4 6
73 75
36 83
30 51
14 60
56 67
4 97
47 60
52 63
3 98
57 75
77 93
77 99
28 36
42 56
10 16
98 100
18 49
47 78
21 45
2 82
74 90
45 66
84 98
92 99
83 95
54 67
8 10
90 92
29 80
58 93
22 53
57 83
44 75
47 91
88 91
63 97
95 96
98 100
68 77
83 84
11 13
7 77
4 51
46 62
40 48
33 45
55 88
7 14
53 77
11 29
69 70
63 95
78 99
71 87
82 100
7 15
79 98
21 63
66 98
17 34
63 67
49 61
9 21
84 97
32 56
73 82
30 75
79 86
69 86
23 88
41 82
55 88
68 71
62 68
33 66
83 96
87 96
49 98
16 76
36 80
53 84
31 94
76 84
1 40
1 37
77 85
94 97
31 40
42 95
55 86
76 91
38 80
83 92
35 72
43 71
19 66
72 86
36 72
48 83
22 86
84 100
15 26
27 78
44 78
48 88
83 98
99 100
82 96
11 26
66 76
93 96
98 99
31 68
4 9
15 62
47 82
21 99
77 81
58 61
16 57
21 81
89 96
44 93
25 96
9 69
66 71
2 20
51 96
52 54
7 85
86 93
92 95
92 96
65 66
43 67
75 86
75 99
77 78
83 87
85 87
4 6
14 44
38 77
58 100
46 100
77 95
5 96
82 89
68 77
39 60
65 70
60 76
13 57
10 73
29 80
94 98
5 55
48 51
9 27
16 28
6 34
8 97
42 74
50 87
99 100
16 92
49 66
21 50
20 76
7 17
20 45
88 91
6 80
69 98
52 85
26 52
9 41
48 50
13 73
39 54
24 75
75 96
51 59
16 59
66 88
50 82
37 39
16 90
87 100
34 77
42 83
1 5
19 62
9 72
60 96
1 76
60 92
56 66
62 90
9 92
8 13
78 79
90 98
33 51
13 86
60 96
85 91
64 80
81 99
61 90
63 76
96 100
16 79
53 77
7 37
79 80
81 98
93 95
27 70
7 50
27 33
25 27
28 64
45 64
28 92
34 64
35 53
97 99
79 84
27 51
46 82
13 74
11 38
52 81
28 41
14 63
63 71
64 80
43 51
84 93
74 82
15 90
24 96
86 91
24 55
88 91
72 88
3 63
5 31
75 89
7 56
37 52
38 78
75 83
42 70
34 97
20 80
54 55
12 32
50 58
9 50
17 80
14 40
56 88
54 67
37 94
13 53
73 100
51 67
12 83
72 73
51 73
47 52
56 68
15 28
90 91
77 85
46 95
33 77
86 99
34 69
77 94
33 70
24 63
87 88
87 99
12 18
6 83
28 62
89 95
84 92
14 53
56 63
68 79
28 91
16 48
8 89
92 99
80 98
5 6
18 59
77 79
76 95
75 87
12 57
81 91
8 76
38 66
56 100
40 98
30 47
78 87
20 35
37 61
13 47
38 62
93 100
15 22
15 33
47 96
39 53
15 33
2 11
92 94
73 75
72 93
4 45
16 91
97 100
27 90
14 25
53 81
54 73
90 93
8 63
19 76
29 78
36 50
20 64
13 80
90 98
37 96
51 53
79 83
57 83
38 67
6 33
94 96
22 46
58 63
73 94
96 98
89 94
49 88
55 89
45 78
68 72
66 97
6 91
30 42
96 97
2 41
43 83
12 81
4 52
29 87
64 68
94 100
10 76
19 61
25 51
44 53
57 86
52 82
37 66
39 86
96 97
12 20
18 83
65 98
90 94
74 87
67 87
39 45
64 79
65 89
90 97
74 91
91 93
44 73
48 86
85 98
27 67
22 43
53 81
24 74
58 80
22 29
1 94
64 68
13 92
73 84
41 83
12 72
88 93
52 68
75 91
57 58
37 45
45 56
7 18
67 87
66 69
62 73
22 54
15 33
98 99
84 87
4 96
39 80
50 57
45 56
91 92
53 71
62 94
51 64
74 84
83 94
60 98
45 52
18 57
42 84
50 53
99 100
38 100
49 75
63 99
51 85
4 34
83 84
25 74
71 91
80 90
69 84
66 78
77 95
14 90
10 91
79 87
78 85
40 98
44 97
97 98
58 71
53 80
62 76
26 52
95 96
90 99
33 99
99 100
28 81
65 98
87 89
82 86
42 44
37 62
37 92
11 63
14 92
14 52
18 59
58 62
74 79
98 100
89 90
57 89
23 65
68 71
60 69
42 72
70 96
93 94
46 54
39 73
25 76
95 97
85 98
92 95
17 69
35 67
67 88
20 69
47 100
47 90
16 59
22 34
99 100
8 29
6 20
10 88
58 72
43 91
10 26
86 88
89 92
65 71
97 98
55 82
49 56
62 100
54 73
72 85
29 76
12 50
51 79
29 63
36 62
33 54
47 56
82 100
21 83
89 93
28 86
14 63
33 56
12 35
86 89
27 66
16 100
70 73
36 100
90 96
46 68
78 98
60 88
7 69
98 99
40 74
11 25
29 79
62 100
23 43
30 77
6 67
78 97
86 94
15 28
71 89
32 63
28 57
23 92
71 86
69 92
86 95
11 96
21 74
61 65
62 79
14 67
10 11
89 100
93 99
58 59
32 69
95 96
62 73
18 39
68 70
39 55
30 70
99 100
94 95
13 99
26 72
74 75
27 60
88 96
65 83
44 56
20 21
3 39
96 97
37 38
80 86
71 92
9 38
59 75
36 55
60 76
49 85
59 83
31 63
68 90
1 78
56 65
65 98
72 86
81 85
82 88
70 76
93 100
92 95
79 81
18 42
5 24
98 99
24 83
74 86
82 84
41 64
92 94
80 88
87 100
2 69
65 94
85 91
86 87
89 92
64 99
99 100
9 56
75 98
35 56
99 100
46 80
59 73
58 64
67 75
90 97
75 88
5 39
59 79
94 97
37 59
22 59
18 50
90 91
16 34
67 72
31 77
32 36
62 100
68 83
8 64
79 87
57 59
31 85
8 40
21 77
11 48
71 97
3 35
32 61
90 96
5 8
78 86
72 84
89 100
47 62
70 96
16 96
33 92
83 84
33 42
29 44
20 57
44 67
62 73
73 83
5 55
40 94
36 52
58 60
21 100
29 65
6 55
18 40
26 52
10 15
21 47
37 58
6 61
75 93
89 100
12 18
96 97
78 94
78 97
41 83
63 95
54 55
51 96
63 86
92 93
69 99
41 95
29 80
47 56
15 56
64 85
7 71
41 87
31 51
71 82
32 44
62 63
76 91
28 48
91 100
23 28
27 80
49 54
42 79
55 95
18 82
51 100
73 78
46 80
21 31
59 64
1 56
98 99
58 64
41 60
99 100
43 45
61 66
81 82
79 99
78 100
52 54
94 97
91 98
53 80
76 85
73 91
75 99
83 84
70 98
79 97
43 93
12 42
56 74
64 97
97 99
95 100
92 98
29 94
96 98
38 80
42 91
32 49
47 92
67 79
92 93
19 71
38 40
24 98
10 14
2 96
15 75
21 100
25 82
68 77
82 95
15 41
65 75
31 76
62 85
29 69
15 69
16 53
62 63
7 32
24 35
89 93
10 96
5 81
44 74
15 35
8 93
26 69
6 99
57 78
28 97
87 92
37 94
15 87
47 65
23 73
15 17
2 91
19 42
31 89
53 89
53 90
83 94
54 90
32 46
76 84
11 51
93 95
67 82
41 68
88 92
70 95
4 63
99 100
39 100
19 90
64 70
52 80
84 87
11 71
23 86
45 58
39 73
31 45
23 51
7 10
39 49
80 88
25 93
28 80
26 68
19 77
3 15
65 76
45 49
46 92
66 79
97 98
95 96
21 69
32 78
9 95
14 31
18 21
21 55
17 77
95 99
19 85
98 100
31 59
57 72
43 83
58 88
56 68
27 70
18 22
31 68
26 84
81 87
84 97
41 54
79 89
22 35
40 73
93 99
72 79
72 93
19 92
6 52
28 99
37 44
9 89
66 82
24 68
77 79
13 81
49 86
15 69
38 75
38 44
39 48
95 99
2 54
25 34
23 64
4 57
89 91
18 76
93 97
51 85
90 93
74 87
13 82
5 97
38 58
3 59
95 100
91 97
16 71
46 81
35 52
56 96
6 59
1 16
76 89
41 79
70 72
70 95
14 36
16 75
74 83
58 79
31 70
36 40
45 98
7 34
77 82
46 87
71 91
50 64
90 96
13 24
29 72
38 67
40 75
1 46
60 75
65 82
25 51
89 95
80 89
57 94
93 94
16 19
26 66
92 97
18 55
65 68
33 78
51 73
90 94
94 98
64 88
14 51
65 79
96 99
68 97
90 99
36 96
94 99
70 75
87 89
52 60
88 95
13 95
16 67
73 74
18 29
22 76
34 56
50 63
83 86
19 21
28 94
68 99
94 97
67 90
28 83
97 99
50 68
56 74
71 94
4 14
73 87
19 66
85 100
87 98
65 77
97 100
27 33
61 64
11 57
34 92
46 76
62 63
8 60
9 81
95 99
10 97
52 90
7 100
66 76
92 100
41 61
33 70
82 83
96 98
25 84
52 72
5 20
69 74
1 5
78 81
94 95
27 41
26 88
95 98
8 70
90 95
88 98
11 38
20 60
63 95
4 89
59 61
99 100
49 78
52 82
32 96
15 25
2 24
52 78
51 88
72 75
19 61
77 92
76 89
98 100
64 77
95 99
52 97
65 79
41 49
71 97
93 97
35 72
87 98
74 95
4 34
61 64
19 85
56 58
36 58
18 53
8 49
36 76
90 91
67 83
95 98
50 74
47 77
65 69
49 53
19 52
37 89
7 94
47 76
60 73
52 92
4 92
12 91
42 70
89 91
6 7
69 98
66 100
38 89
54 82
59 96
93 97
1 49
78 85
65 67
10 35
50 51
23 26
4 11
18 49
26 80
17 23
31 95
80 91
70 99
83 85
1 80
96 98
99 100
79 81
46 90
8 14
13 94
73 97
23 26
48 63
35 38
71 96
59 78
40 49
6 33
69 99
65 88
7 86
99 100
44 81
73 98
42 65
82 90
87 88
16 99
8 78
12 27
72 86
39 54
73 98
66 71
60 70
55 97
86 88
24 50
46 79
36 88
84 93
61 68
33 77
38 63
52 90
10 91
57 78
66 84
96 100
35 73
43 57
81 90
84 93
56 61
89 100
36 72
94 100
11 42
11 72
54 72
20 61
44 50
1 63
48 61
9 28
52 87
33 82
64 70
35 52
42 93
16 37
83 95
10 49
50 87
59 80
41 98
38 81
87 99
9 14
97 100
92 96
17 71
87 96
33 97
53 90
82 91
97 99
98 99
60 80
63 89
47 71
83 97
14 39
72 93
23 44
40 45
16 90
90 93
91 92
28 61
42 54
39 86
44 45
9 96
51 76
84 87
80 87
73 92
41 64
89 98
21 50
9 82
30 80
91 97
69 71
94 98
84 98
35 99
1 80
52 53
79 85
17 30
95 99
14 15
98 99
89 99
11 82
46 85
73 96
99 100
74 84
93 99
53 69
50 81
41 64
77 80
23 74
15 27
70 87
20 89
48 88
85 100
38 46
5 30
65 81
50 67
98 100
91 99
2 60
25 50
81 94
43 82
46 73
99 100
10 62
11 52
37 39
45 61
81 82
48 97
11 87
44 83
69 75
64 89
69 80
58 87
64 88
12 33
93 94
46 80
56 57
17 100
95 99
98 100
55 58
44 54
1 74
34 60
44 69
96 97
78 89
10 11
72 85
61 89
1 29
89 100
88 100
82 100
39 95
34 74
7 53
76 87
9 100
37 57
17 98
87 98
38 73
98 99
20 59
78 90
80 93
28 41
16 51
54 62
68 83
1 46
19 51
31 43
93 100
30 92
17 33
38 43
39 96
1 55
56 59
54 79
36 38
16 87
84 85
92 93
65 74
4 49
9 47
11 54
96 97
47 58
5 58
63 86
57 72
53 84
65 89
95 100
50 83
66 78
73 87
67 87
2 9
13 33
24 26
22 51
46 100
81 93
80 82
86 87
54 82
54 74
66 88
14 23
92 93
55 87
98 100
55 70
27 60
51 65
53 60
84 90
52 88
88 96
72 77
42 100
75 100
58 82
10 41
32 92
19 99
14 58
7 46
44 91
81 95
7 76
15 60
24 42
13 59
78 82
49 51
70 86
49 78
82 88
84 98
82 99
65 71
35 62
82 89
31 50
85 88
22 65
63 72
77 89
7 72
26 63
9 85
25 38
89 99
98 99
10 17
7 80
55 57
72 93
42 50
22 93
44 56
4 66
86 89
90 100
99 100
61 97
87 88
63 74
95 100
42 55
43 55
56 95
94 100
35 87
37 69
34 97
48 61
15 28
8 34
21 47
40 54
75 85
53 62
58 92
49 84
7 61
73 93
88 95
74 94
95 97
55 72
88 91
75 93
77 96
84 89
31 80
61 65
20 51
9 75
88 96
19 22
45 53
26 91
75 98
71 72
81 99
15 77
23 78
80 83
73 83
8 25
95 97
80 85
4 99
92 100
45 55
54 62
67 75
58 67
95 96
45 64
84 89
72 78
80 92
10 79
47 98
4 50
99 100
99 100
94 100
77 85
23 90
89 97
46 60
64 75
36 92
40 92
54 77
16 42
14 35
90 100
97 98
33 79
34 96
8 13
24 89
68 77
32 84
49 98
15 68
71 88
95 99
83 100
96 98
70 95
84 96
34 91
85 88
89 91
2 83
72 94
77 78
7 63
90 97
34 95
60 71
41 63
82 95
88 89
78 84
92 98
67 76
39 55
32 93
4 97
15 91
50 100
2 66
67 95
24 28
35 52
32 90
70 78
10 71
56 57
30 64
76 92
41 81
84 86
15 49
38 55
94 96
81 95
7 76
60 95
65 76
23 87
42 57
90 94
5 45
63 95
35 51
45 78
95 100
37 94
73 94
89 97
70 96
88 93
55 56
29 43
65 90
58 63
56 94
64 71
4 13
80 88
39 70
64 76
33 52
46 70
6 53
91 98
84 98
82 89
73 74
52 65
74 87
80 90
3 78
91 99
49 81
55 64
49 83
27 86
62 71
46 94
69 73
11 28
82 98
54 68
47 88
43 74
57 78
18 86
67 80
8 14
96 99
23 61
28 96
62 80
1 24
55 76
80 99
47 66
26 89
80 96
19 89
47 85
89 95
79 88
99 100
80 81
10 39
5 16
1 42
37 95
77 90
75 87
16 83
38 79
81 93
23 64
93 95
46 60
52 70
62 99
3 34
12 37
58 67
3 64
49 97
48 89
31 92
95 96
11 12
51 82
26 76
29 45
33 36
58 88
38 84
44 83
45 78
39 60
27 67
5 94
16 40
29 39
6 39
86 96
60 67
91 93
48 65
27 70
60 96
30 39
48 95
90 97
47 65
33 39
7 33
83 89
4 55
45 49
59 77
6 93
18 30
96 98
42 58
32 72
56 63
49 57
93 95
48 59
94 95
99 100
97 99
96 97
75 85
1 99
57 70
90 99
97 98
40 76
14 41
45 75
62 66
33 99
94 97
49 78
32 44
77 90
10 99
84 96
48 68
32 51
74 100
68 75
73 98
29 98
77 96
46 92
78 82
34 52
80 93
12 85
61 86
43 88
63 86
73 80
4 25
8 77
96 98
48 89
77 80
5 17
58 91
6 52
65 78
42 75
91 96
38 77
43 59
5 43
86 97
72 93
82 89
34 78
15 24
22 75
1 64
43 82
90 95
74 90
41 67
77 99
75 99
12 52
1 19
5 16
18 22
75 94
81 99
49 78
34 47
69 70
93 98
55 65
15 98
89 98
85 87
97 99
89 94
4 6
15 42
22 31
7 26
63 80
61 72
28 54
66 75
52 85
69 79
85 96
86 93
71 77
34 96
92 98
2 24
68 93
25 36
66 88
7 48
97 100
36 39
76 93
33 73
16 93
94 98
12 37
64 91
26 97
86 88
87 100
86 92
46 65
30 53
84 88
85 87
25 45
85 90
39 95
66 90
92 93
1 86
50 98
20 70
41 48
97 99
43 50
33 89
58 98
90 93
59 83
21 95
79 88
45 60
91 97
6 20
97 99
76 94
46 75
36 97
92 94
85 90
51 88
35 82
12 49
24 95
4 43
95 98
74 88
10 42
45 54
2 81
30 43
69 90
82 97
99 100
39 42
23 24
42 64
97 99
1 82
9 97
68 89
5 11
14 66
35 84
46 74
14 64
75 93
85 91
75 85
12 51
23 31
46 68
78 99
33 74
1 95
80 87
35 37
52 76
78 88
36 58
72 97
11 94
1 66
94 98
77 94
80 93
70 82
50 87
56 89
66 94
72 85
37 66
24 96
52 84
41 82
85 94
40 60
70 98
61 87
19 70
72 80
23 37
92 98
85 94
6 71
30 88
59 69
34 59
86 89
27 94
55 100
18 48
95 98
80 92
91 92
48 81
80 92
67 78
86 87
68 89
96 100
66 81
94 96
86 88
10 34
7 17
56 94
26 49
25 71
38 55
14 24
23 98
55 88
50 62
32 83
69 100
24 64
27 53
87 100
68 95
15 33
35 88
69 88
59 68
44 69
48 83
35 60
52 93
86 90
18 94
94 96
19 29
28 79
73 84
40 45
15 34
58 70
61 94
99 100
30 62
4 5
27 84
45 85
95 96
94 95
26 70
23 68
11 20
73 100
74 89
34 38
18 79
29 54
47 88
40 52
10 18
91 94
2 41
19 84
78 87
41 69
38 43
49 84
93 95
63 66
10 97
34 93
32 53
52 53
61 62
63 80
30 56
27 98
3 12
16 39
81 85
13 40
29 88
92 99
77 92
38 81
69 78
93 100
67 95
85 92
81 89
32 83
76 77
65 93
75 90
78 94
48 71
38 57
82 91
54 74
32 93
69 73
52 99
49 88
96 100
24 81
98 99
89 93
1 9
95 98
75 88
36 86
78 81
76 91
91 100
21 95
83 94
61 77
63 68
18 53
50 56
92 93
7 9
64 71
10 84
42 85
61 75
1 58
34 41
24 65
58 63
63 71
23 55
57 76
24 95
8 28
19 77
56 87
16 100
69 80
71 72
62 79
7 58
68 79
35 47
8 24
94 98
37 72
95 96
31 94
56 92
5 27
50 96
9 53
41 60
4 64
12 91
47 67
92 97
19 54
58 92
93 95
22 90
81 91
8 88
91 93
99 100
83 96
56 92
81 89
9 15
46 97
20 54
26 79
11 53
21 100
43 59
76 90
70 92
21 82
27 96
83 98
98 99
1 38
3 89
40 67
53 90
65 100
39 44
58 87
60 84
22 40
89 98
90 93
78 98
63 98
78 84
86 98
6 89
98 100
19 50
83 99
20 57
11 46
74 75
40 96
50 80
55 57
54 91
3 73
97 100
2 11
46 92
12 48
87 98
6 21
91 95
45 81
61 86
18 41
91 98
2 18
98 100
42 76
52 90
12 59
84 89
14 74
74 79
6 63
17 87
29 100
67 99
93 97
43 99
7 89
13 34
6 10
34 38
83 98
62 68
56 82
9 52
60 80
65 70
51 94
76 79
67 96
50 58
31 85
35 73
78 87
22 52
52 87
94 99
67 91
17 32
3 68
46 62
87 98
84 100
63 69
57 58
96 98
8 10
94 95
22 73
24 79
62 83
73 88
29 45
65 72
14 52
56 92
84 91
24 86
52 55
92 96
62 63
82 100
63 87
55 89
91 99
13 82
34 92
37 41
89 94
34 61
7 83
57 81
19 83
87 100
51 59
22 87
2 4
73 89
2 10
19 47
48 98
6 80
1 54
45 95
44 83
13 72
7 90
75 86
56 65
74 87
22 91
73 95
96 99
2 93
64 98
26 41
1 26
40 51
82 84
33 37
66 69
26 54
90 96
21 62
10 65
69 97
65 73
97 99
75 79
83 95
57 84
50 54
68 73
43 89
57 91
72 89
42 92
83 85
87 93
33 83
5 14
40 46
40 58
82 94
77 95
22 97
40 78
1 55
80 96
25 98
66 98
66 88
65 94
79 96
91 98
88 99
75 92
38 74
64 66
52 60
52 95
2 91
35 42
20 100
74 97
79 87
10 75
56 62
37 69
90 96
53 88
97 98
62 69
1 13
19 36
61 63
55 77
91 92
21 66
86 91
98 100
85 88
42 68
14 84
71 95
80 95
82 98
6 45
19 92
47 72
42 69
2 45
57 94
49 62
42 48
11 29
10 37
7 70
84 89
47 71
89 98
94 100
50 76
90 97
7 62
84 99
29 73
96 97
31 92
10 68
93 94
41 63
75 96
88 90
12 41
99 100
23 58
65 83
83 88
66 99
98 100
1 57
37 90
7 33
65 91
98 99
38 86
57 63
69 97
65 87
60 81
48 81
13 86
7 19
74 77
81 92
72 87
71 99
81 82
27 61
54 83
24 94
92 100
73 79
77 88
51 75
27 87
4 40
8 35
19 30
68 70
18 33
21 62
55 73
40 88
84 100
2 49
75 100
34 57
39 40
94 99
48 73
66 82
11 47
68 84
86 91
72 91
90 93
39 82
92 94
45 69
42 48
24 84
32 77
1 47
39 65
25 38
40 65
92 95
49 64
62 91
77 90
56 63
53 86
40 77
13 94
90 92
97 98
42 62
52 96
87 92
90 96
80 81
96 99
78 100
34 87
69 71
44 96
42 66
88 91
39 49
27 80
33 82
81 95
89 92
82 94
52 89
47 68
85 97
72 80
59 100
15 100
75 91
26 41
19 93
19 98
62 82
30 94
81 93
59 73
9 32
52 73
9 51
94 100
70 79
5 59
26 60
72 96
77 88
43 98
30 39
95 96
50 80
3 49
11 28
32 57
52 66
74 80
31 91
55 68
78 84
16 85
32 66
25 32
82 86
2 18
79 80
8 71
46 94
10 100
52 76
34 51
78 84
47 90
55 62
83 99
58 91
13 70
87 96
24 65
5 54
91 94
32 86
80 92
7 28
1 30
95 100
34 65
61 66
54 97
72 83
69 73
71 94
86 91
62 98
57 87
71 90
88 97
10 33
68 99
95 97
8 23
90 100
35 46
76 77
63 90
37 76
38 57
86 94
12 75
88 97
43 50
16 18
51 94
95 100
64 74
88 92
49 76
50 58
75 80
15 80
23 44
60 69
48 50
82 94
51 94
54 66
37 42
80 95
24 56
30 66
94 100
67 90
27 58
41 100
27 43
76 82
69 94
14 48
93 98
49 63
47 65
9 19
29 65
20 74
33 97
16 71
18 64
26 44
29 89
92 96
96 100
65 100
25 65
28 82
1 91
81 84
28 58
60 95
42 63
95 99
91 92
14 90
29 68
67 95
23 78
91 93
24 45
3 20
93 96
94 98
32 89
89 97
7 89
75 79
34 57
80 90
97 99
42 65
60 63
2 84
67 95
86 93
84 86
12 37
62 98
61 73
82 87
87 98
82 84
82 91
97 100
54 61
30 77
80 93
70 85
50 88
1 79
84 85
89 94
30 67
6 34
38 66
84 91
2 60
35 92
67 80
60 61
10 39
55 88
68 69
61 95
45 85
46 99
49 79
79 92
4 84
81 95
92 93
2 45
68 75
33 77
75 94
81 97
45 97
22 32
4 13
61 66
25 84
14 26
7 97
36 95
84 92
31 71
54 79
35 87
30 100
24 53
11 43
57 90
70 94
67 89
43 95
41 85
39 54
94 97
44 45
71 80
39 47
80 94
8 16
17 97
41 96
45 65
40 77
18 37
4 15
7 30
4 13
99 100
46 81
67 76
3 85
30 78
41 42
41 85
1 69
16 49
65 66
15 46
85 87
27 74
74 77
43 65
62 91
71 98
13 41
91 99
87 100
96 99
71 88
9 95
39 85
35 54
76 85
37 69
31 40
84 98
19 65
66 76
53 76
27 76
18 80
15 61
60 97
84 91
23 53
60 64
88 97
10 69
55 68
1 52
19 70
22 46
84 86
45 65
72 89
70 87
48 89
66 98
44 47
44 50
97 100
62 84
72 95
13 74
92 97
75 83
51 54
8 70
27 89
37 94
74 85
40 91
99 100
61 77
21 80
61 85
6 63
62 91
75 76
49 98
89 96
21 34
88 96
42 45
14 90
83 98
70 83
10 44
76 95
99 100
30 68
54 66
67 76
91 99
40 72
59 73
57 95
77 87
52 64
63 83
17 43
8 54
37 72
84 93
94 97
62 75
74 100
77 95
15 85
69 86
71 88
17 42
14 54
70 74
23 89
40 77
22 35
19 93
4 48
9 77
78 85
19 100
12 77
17 78
83 84
94 100
29 66
30 100
88 91
10 61
38 68
78 88
23 41
12 91
64 83
56 76
61 84
21 52
61 82
93 100
25 81
54 96
36 100
45 61
20 76
89 91
97 99
16 23
23 42
62 97
68 90
37 92
85 89
6 80
3 45
66 88
93 95
19 98
71 96
37 76
56 77
89 92
61 87
28 58
34 62
35 77
27 70
97 98
4 75
91 100
73 75
26 39
58 83
41 92
77 100
17 26
54 78
71 87
45 49
22 79
79 83
75 93
10 71
16 86
78 83
87 92
69 73
96 98
96 99
62 78
51 99
33 83
78 98
83 96
25 93
41 49
88 100
13 93
47 76
6 96
78 84
79 97
49 62
38 89
93 99
5 59
54 86
64 82
7 97
57 99
39 65
59 80
3 60
65 79
27 31
14 54
87 99
44 74
28 31
44 55
44 88
74 85
4 70
27 70
25 43
9 29
81 91
90 92
72 84
32 36
96 100
25 26
92 96
40 98
80 82
43 45
53 60
64 94
78 83
70 72
24 66
39 64
9 81
79 88
56 91
96 97
64 84
54 94
95 97
8 32
42 83
97 99
35 96
51 57
13 14
78 89
12 26
33 87
35 77
5 16
23 68
28 90
97 98
51 54
2 19
76 88
7 62
5 98
13 78
96 98
6 46
68 80
99 100
59 67
34 80
82 89
51 84
79 86
21 54
3 72
31 80
55 76
28 86
96 98
20 71
43 47
13 53
92 97
9 29
72 75
37 73
61 77
28 99
87 95
21 89
29 93
12 26
42 86
19 85
38 62
97 100
24 51
48 79
40 52
73 95
10 49
39 64
23 52
51 92
72 91
41 91
82 100
78 92
17 56
52 78
30 39
97 98
48 53
86 94
30 34
35 81
93 94
91 96
83 89
25 37
43 86
88 99
53 55
77 92
43 95
57 87
6 38
81 99
19 99
62 96
18 48
43 48
32 42
5 96
97 99
66 96
88 96
24 51
63 68
65 83
71 98
28 42
36 49
18 22
15 99
69 92
94 99
58 86
15 75
50 84
51 85
1 43
83 98
71 74
69 89
7 31
35 94
13 62
23 37
89 99
4 86
60 88
84 89
50 81
18 46
59 80
62 64
61 92
87 95
14 66
64 97
74 88
50 67
23 87
5 29
82 85
39 99
46 84
47 82
97 100
2 57
18 82
87 90
92 93
44 45
92 93
73 85
55 88
20 30
26 55
51 62
95 99
55 61
99 100
73 97
88 95
11 20
78 94
17 60
47 74
80 93
9 86
56 73
39 79
31 48
51 98
72 89
39 56
71 79
49 82
92 93
21 32
72 73
46 65
71 78
88 89
9 89
23 38
8 19
28 77
53 62
85 91
8 20
26 80
93 94
88 94
66 99
3 66
1 66
91 97
11 98
86 96
27 93
55 89
58 68
35 40
43 52
77 84
31 47
87 89
9 68
64 100
90 91
48 56
92 95
39 92
27 30
24 88
16 75
84 99
71 86
82 90
39 75
33 68
53 65
56 100
92 93
87 88
96 97
84 89
31 32
75 92
47 93
91 95
39 89
49 57
42 58
98 100
66 77
20 49
18 38
78 98
1 67
26 43
49 81
47 66
81 92
47 96
32 59
88 91
49 83
48 84
6 37
24 74
33 42
60 72
4 7
9 22
75 85
7 97
46 69
78 97
93 95
59 92
77 99
25 34
77 95
38 52
27 95
8 94
32 35
40 41
22 57
12 78
45 85
17 24
24 29
35 41
4 78
76 77
13 78
19 76
45 73
36 95
8 13
9 87
39 99
6 66
21 45
60 76
17 66
3 40
48 87
79 93
31 38
21 91
3 8
98 99
52 63
19 51
84 100
94 99
17 54
57 86
82 98
37 61
89 98
71 76
23 37
81 88
77 90
77 83
45 76
2 90
88 98
20 94
24 32
42 78
12 74
60 62
21 65
34 65
39 79
86 99
84 89
28 69
33 76
87 97
73 75
74 90
26 33
37 43
32 45
39 89
52 58
34 38
88 99
53 62
32 93
74 89
5 81
7 10
69 85
53 100
56 73
74 87
18 40
23 26
46 72
81 89
55 74
63 80
66 88
6 45
15 86
17 56
88 97
20 44
43 70
37 59
93 99
65 66
7 22
89 97
41 69
73 96
18 20
88 96
77 91
11 60
21 33
59 81
76 85
76 84
96 97
59 65
22 86
25 80
16 20
14 71
22 72
32 99
24 93
9 98
72 95
1 68
67 93
4 86
43 86
97 99
55 78
98 100
12 50
34 53
55 100
25 97
32 89
78 95
42 66
83 100
40 73
11 80
55 91
11 34
95 99
11 83
27 84
95 100
68 97
88 93
20 96
16 78
45 79
49 64
23 82
33 62
1 66
91 92
70 74
5 80
79 91
55 73
7 68
48 69
30 85
92 96
85 92
38 81
74 92
85 95
5 86
36 57
14 80
2 62
83 95
63 91
70 71
78 88
75 87
17 97
71 91
56 96
15 18
2 56
62 99
41 61
7 14
29 89
67 72
6 78
48 52
30 36
82 91
37 52
94 99
16 34
1 59
3 25
55 57
75 85
88 89
75 90
35 76
11 92
88 100
83 99
3 31
2 5
59 94
96 97
11 59
24 57
59 74
62 85
37 78
90 97
67 72
61 87
78 97
36 43
35 66
18 69
71 81
38 78
81 84
35 74
57 84
78 95
23 97
76 98
76 100
35 42
45 99
79 87
12 76
22 64
3 45
5 10
61 77
58 86
66 85
36 66
49 53
72 75
7 85
95 96
72 82
56 91
6 35
17 47
94 98
46 67
18 38
50 98
65 84
39 86
62 88
93 94
87 98
62 88
51 91
77 84
9 87
62 93
63 89
77 95
67 74
38 98
44 91
68 77
59 63
19 26
52 63
13 59
57 81
63 81
40 44
91 96
56 84
20 49
71 80
66 97
58 66
97 98
78 87
80 87
4 85
91 93
56 97
7 72
28 42
49 86
85 96
17 53
64 79
54 94
15 61
1 19
78 79
73 90
53 67
21 60
43 72
16 21
24 49
97 100
53 99
51 70
37 98
40 57
73 93
53 75
12 42
11 25
24 56
81 87
33 41
32 70
8 98
6 93
45 92
17 84
70 94
63 89
76 97
57 83
4 63
59 80
18 21
32 46
74 79
91 99
19 97
64 95
11 23
35 48
39 74
7 48
4 91
37 95
23 30
76 91
61 66
76 86
21 53
11 35
96 97
38 57
44 65
79 85
51 100
38 46
62 66
18 37
57 61
85 100
27 70
11 72
36 47
70 78
43 45
2 30
38 61
11 49
79 99
47 90
12 52
10 88
6 53
11 42
25 75
75 78
73 90
87 92
4 88
64 97
43 87
69 84
31 97
59 61
27 83
48 74
59 77
1 79
91 94
54 72
80 85
40 73
86 96
40 81
24 26
38 49
12 16
89 94
94 99
93 98
24 82
70 72
44 57
24 32
79 91
28 68
84 96
69 79
17 100
14 68
40 51
35 57
74 97
44 71
32 74
83 90
42 90
12 55
3 43
52 99
63 71
19 56
81 82
9 39
57 86
58 61
77 98
56 65
91 97
28 70
26 63
57 94
90 98
82 92
54 90
14 47
70 81
27 45
99 100
70 79
29 43
39 77
52 95
62 87
59 77
41 64
52 79
4 84
7 69
96 99
6 28
1 92
61 95
55 91
51 54
18 57
90 96
26 41
58 72
73 86
6 11
97 100
62 83
67 85
68 72
84 94
43 51
61 73
35 81
24 83
35 98
81 88
35 82
3 50
76 84
67 82
94 95
16 86
96 97
57 94
82 90
77 78
41 61
6 24
19 68
57 75
34 98
46 49
88 94
57 75
75 82
84 95
22 39
29 90
80 85
38 74
96 99
25 92
58 62
2 53
79 100
90 99
12 85
57 63
12 54
90 91
1 83
23 69
23 52
74 98
22 50
36 46
86 94
78 93
34 42
76 85
18 39
68 84
20 36
20 78
2 85
13 70
90 91
38 45
61 64
4 40
13 50
37 69
64 80
5 82
95 100
18 34
64 77
44 55
94 95
97 100
86 94
42 96
59 91
48 70
40 46
73 93
31 98
81 83
79 80
75 87
55 94
72 73
90 96
81 99
53 94
17 68
32 61
6 70
14 73
30 76
94 99
52 79
37 77
76 95
10 28
73 76
7 54
46 100
95 99
53 62
99 100
59 85
36 55
42 48
39 56
17 49
93 94
19 89
78 100
82 98
74 81
91 94
29 97
3 78
20 59
41 72
23 65
68 97
31 53
97 98
6 94
7 71
40 60
57 82
83 98
24 73
23 97
30 49
87 100
68 87
32 66
36 96
94 99
43 93
83 88
29 30
72 98
51 91
75 88
65 88
67 77
81 96
39 46
2 44
29 51
27 64
39 74
39 62
72 81
48 92
97 99
2 67
79 86
65 95
69 76
48 99
31 41
95 97
41 82
25 57
87 97
21 22
79 94
61 83
97 100
2 71
9 67
91 95
49 54
21 93
32 67
20 27
55 99
65 69
84 90
31 81
78 98
53 82
29 56
21 48
95 98
86 96
86 94
80 84
92 95
51 72
3 74
6 23
9 60
54 76
55 62
59 79
5 96
85 88
96 100
48 97
75 82
39 52
36 87
64 67
3 4
48 69
58 66
40 47
45 67
78 87
75 82
56 82
49 75
41 97
24 38
80 98
31 100
61 81
96 100
46 87
58 69
63 89
9 98
64 99
97 100
17 59
2 35
81 95
86 95
98 100
90 91
65 85
43 66
8 35
43 63
36 93
21 61
6 15
99 100
30 63
89 93
8 55
25 41
99 100
66 93
1 81
7 16
59 83
73 85
98 100
82 94
59 97
36 91
46 49
10 70
99 100
26 76
49 58
71 80
90 94
32 66
45 68
19 46
31 68
69 92
10 25
56 89
44 47
36 67
15 89
51 76
46 60
95 98
97 98
98 100
37 43
2 73
89 97
9 46
52 57
63 89
78 84
42 56
34 60
36 91
98 99
73 84
47 67
73 95
66 74
2 96
37 87
88 92
55 56
90 94
12 49
70 84
99 100
51 85
76 87
37 70
46 90
58 100
94 98
18 96
34 84
9 82
93 99
80 99
19 74
13 99
3 23
92 100
29 76
28 59
32 74
21 80
66 89
21 91
86 95
70 78
34 54
82 89
22 77
54 83
17 41
62 89
29 47
14 16
79 99
53 54
68 87
58 67
23 88
15 65
32 49
59 67
60 72
20 83
44 70
73 91
46 89
52 91
4 24
4 79
27 34
42 52
65 95
1 85
43 100
24 88
49 54
95 99
67 88
51 72
93 97
79 90
62 87
40 81
50 71
17 87
2 35
41 49
9 35
84 96
15 84
67 69
63 86
74 80
66 72
46 55
12 25
5 24
80 87
10 20
99 100
89 95
99 100
34 81
96 97
34 76
81 91
99 100
14 16
77 93
31 55
99 100
51 75
61 80
75 83
83 90
93 95
45 88
70 87
40 66
36 45
54 91
45 100
10 92
45 73
69 77
92 96
50 91
73 83
49 92
81 98
17 69
83 85
90 98
26 93
8 66
39 47
35 95
73 75
20 93
14 18
97 99
41 46
64 84
46 49
47 80
92 96
99 100
29 54
17 40
38 87
26 76
34 49
51 52
86 94
88 93
84 89
96 99
29 38
46 64
52 69
27 48
59 67
58 81
98 99
99 100
34 43
13 39
53 66
62 93
67 93
6 69
31 47
83 99
64 67
34 61
78 86
36 41
95 99
47 70
73 88
98 99
6 31
26 86
43 49
11 57
58 60
97 98
36 87
62 72
16 46
99 100
24 81
14 62
72 75
62 71
39 72
58 96
2 69
51 68
53 79
27 29
59 81
26 99
93 96
17 37
14 93
49 97
97 100
76 83
20 55
32 69
95 96
8 31
29 91
15 41
49 63
20 57
33 71
83 90
7 17
20 51
44 50
23 81
14 24
32 62
30 94
17 67
48 100
58 99
57 78
75 85
99 100
88 89
96 97
99 100
85 99
26 85
56 95
96 98
2 78
66 90
51 65
13 37
15 20
10 77
11 99
22 52
89 93
15 46
32 53
39 54
51 63
74 93
54 75
80 88
95 99
54 92
90 100
51 77
20 99
43 50
76 95
83 87
6 48
61 99
75 89
99 100
36 98
89 99
8 79
17 47
42 63
53 83
20 75
96 98
99 100
24 60
2 89
21 29
51 85
79 90
28 73
12 93
77 85
80 84
37 91
84 85
94 95
5 10
64 93
49 66
96 97
4 5
90 92
30 61
34 64
3 75
44 50
43 83
27 96
39 80
31 94
98 99
19 46
36 56
13 29
42 55
67 85
17 74
7 10
39 95
73 76
50 52
41 45
94 95
41 98
42 58
33 64
3 29
86 87
57 72
11 42
43 77
73 86
82 89
75 89
15 34
96 100
24 79
96 99
2 43
87 88
52 80
44 66
78 99
80 85
62 78
63 66
55 99
88 98
4 21
78 99
54 93
41 75
13 73
45 82
34 68
46 94
14 84
31 78
45 72
94 96
34 56
37 49
15 56
93 97
69 93
59 66
89 91
55 68
87 89
81 93
96 99
3 48
58 80
13 57
49 97
28 73
32 90
56 77
93 100
80 87
52 96
19 92
89 95
93 96
5 77
60 62
26 52
52 94
99 100
72 85
77 93
93 100
8 49
4 67
97 100
49 63
9 19
20 54
57 71
22 69
3 28
95 98
95 100
99 100
38 88
50 68
47 92
11 25
92 95
25 94
67 91
12 26
80 88
82 95
25 46
16 29
9 75
58 63
13 95
62 69
56 69
48 52
12 89
9 89
3 21
21 29
75 92
85 92
93 95
85 95
65 93
60 76
30 81
83 90
21 25
61 78
20 31
24 63
61 62
29 39
41 78
53 95
32 44
1 43
54 65
70 95
83 85
47 92
63 97
61 68
93 98
33 71
85 93
97 99
16 17
16 93
92 97
46 57
79 90
94 99
62 89
34 100
19 89
81 87
82 96
44 88
41 53
19 79
85 99
48 55
31 92
30 89
27 43
77 94
95 100
16 38
92 95
36 100
45 47
75 98
51 62
41 60
9 62
70 87
43 60
12 76
99 100
39 42
99 100
88 100
91 100
22 43
10 18
92 98
67 100
49 94
18 79
23 72
77 100
52 69
62 92
87 94
45 50
19 22
48 94
80 98
15 26
77 81
59 79
82 86
32 67
35 37
12 73
19 37
57 100
33 83
33 36
31 64
28 81
53 82
96 99
9 93
45 54
59 100
76 80
41 63
14 31
74 94
48 71
17 55
99 100
93 99
30 64
59 62
42 84
40 41
52 57
94 100
98 100
53 92
73 86
64 95
24 81
17 86
27 42
66 71
82 97
24 56
11 71
47 97
16 97
82 95
8 98
15 44
25 83
51 90
54 99
6 99
8 80
19 28
34 38
73 77
27 79
24 85
18 62
28 39
12 70
95 100
39 72
8 88
5 67
59 100
2 42
81 86
45 55
54 61
36 91
6 98
80 87
99 100
80 84
98 99
26 94
2 58
7 70
67 83
60 89
91 96
86 92
64 91
51 88
97 99
86 92
88 93
30 97
72 74
7 31
10 32
90 100
35 90
56 65
51 58
40 89
67 77
61 77
88 96
73 84
37 73
23 62
8 39
94 96
68 94
95 97
76 92
73 84
37 92
16 95
73 93
35 96
22 87
64 100
46 59
95 100
70 98
65 76
9 92
30 35
23 43
25 28
68 92
70 91
60 68
1 32
9 33
63 75
94 98
19 59
89 99
35 71
3 28
24 34
94 95
22 79
82 96
61 88
21 47
21 99
63 70
8 18
92 95
82 89
38 81
30 91
29 46
43 51
51 79
83 97
30 55
95 98
4 94
52 63
22 52
90 99
17 34
22 82
18 68
80 84
11 43
90 95
35 36
6 26
38 100
23 67
39 87
7 54
51 65
32 67
23 85
82 97
3 27
7 63
36 83
83 94
82 86
75 97
40 66
44 65
99 100
99 100
2 42
47 54
98 100
18 64
34 69
36 76
9 48
17 60
59 71
50 60
32 70
45 96
30 97
12 49
79 100
57 98
60 69
44 63
30 59
13 76
23 68
23 57
32 68
86 95
61 84
72 91
48 98
42 59
56 93
99 100
31 69
25 59
18 74
56 82
38 62
2 84
19 90
48 65
82 97
36 40
69 97
79 100
29 97
98 99
26 62
30 91
16 73
15 17
33 74
78 97
24 89
58 95
11 87
54 86
76 88
70 77
77 83
31 52
80 93
23 49
8 55
62 77
7 37
21 53
26 36
41 91
1 29
35 99
44 54
16 75
39 75
76 79
33 54
26 97
20 33
17 57
26 64
87 99
84 97
27 87
75 97
7 49
89 90
71 84
27 48
42 47
9 56
30 81
44 91
93 98
71 81
59 63
70 81
32 43
38 99
97 100
22 59
72 92
20 68
92 97
24 43
77 95
30 42
86 93
80 96
98 100
72 83
18 31
84 99
59 80
70 88
82 88
63 99
72 97
33 88
8 24
62 74
99 100
57 88
89 98
70 76
40 79
65 67
44 62
74 80
61 69
88 98
15 38
54 68
72 76
76 100
9 92
25 68
23 95
52 60
63 91
99 100
53 72
6 51
71 86
3 4
71 89
13 81
16 62
15 23
72 83
10 17
72 93
57 63
91 94
92 96
22 89
16 49
5 67
56 63
18 43
95 97
52 82
70 85
86 92
19 54
7 67
2 51
60 98
62 87
89 95
58 87
57 73
24 53
98 99
87 99
89 98
34 78
2 83
98 99
14 23
3 66
48 87
27 100
19 40
3 83
31 40
42 75
50 93
88 96
70 81
85 87
73 94
62 98
53 86
45 69
69 92
61 69
99 100
74 99
77 81
99 100
66 83
46 62
65 91
36 82
91 100
38 40
42 45
81 98
75 88
65 94
11 54
49 52
98 99
40 90
51 67
38 88
81 83
81 100
49 69
49 100
68 82
48 99
52 100
53 73
68 99
25 36
77 93
80 96
20 29
28 95
40 100
55 66
93 98
66 70
35 64
72 87
40 88
26 33
45 75
97 100
69 98
99 100
93 96
27 95
68 81
55 76
26 97
54 71
56 77
32 64
41 91
6 73
82 83
88 90
47 90
96 99
48 67
72 95
69 85
20 51
86 95
43 72
76 93
91 93
58 63
18 73
66 82
14 89
2 36
67 82
66 74
86 97
10 82
40 58
97 99
54 74
50 58
28 95
46 93
90 92
21 73
72 83
97 98
18 61
44 58
98 100
99 100
69 80
94 100
2 52
56 96
79 93
71 91
50 63
67 85
27 58
1 77
51 58
5 40
97 98
84 89
33 49
24 50
99 100
74 88
72 96
9 53
6 22
91 92
65 85
65 91
39 51
89 95
25 67
44 68
95 99
37 98
24 58
3 96
99 100
57 77
72 96
99 100
5 77
92 94
31 71
43 69
26 46
10 36
66 85
53 94
9 61
46 51
40 62
82 94
42 82
86 95
34 78
61 100
4 33
86 93
22 64
89 93
41 94
24 93
64 87
53 89
95 96
92 94
56 99
95 96
64 88
39 50
98 99
10 17
91 94
22 86
17 60
79 94
2 10
23 54
14 70
55 85
77 85
93 100
58 63
59 86
64 83
25 48
14 24
44 95
17 65
80 92
5 52
73 99
83 87
38 55
18 31
49 58
30 62
95 98
40 66
73 81
94 97
91 99
41 86
47 49
87 93
78 97
86 95
11 22
22 50
32 79
90 96
11 33
90 98
84 91
5 25
22 27
70 80
16 52
48 82
89 94
68 73
68 76
71 89
20 73
10 24
98 100
57 61
2 9
56 77
77 100
67 98
75 95
65 68
15 75
13 42
23 54
88 98
34 64
73 92
13 17
2 43
72 87
49 61
68 77
82 90
27 40
50 63
88 96
13 65
36 97
24 33
85 91
30 40
95 96
24 90
84 96
9 45
17 89
9 60
39 88
83 91
20 80
83 86
96 97
6 69
62 86
77 78
98 100
41 45
7 77
58 98
16 32
6 69
35 94
88 100
27 58
36 81
77 95
11 52
24 69
94 97
10 61
79 98
67 94
24 94
57 80
23 96
72 73
23 79
58 70
48 96
30 31
71 91
56 57
81 94
76 98
92 96
32 63
45 77
83 93
43 97
68 83
72 96
2 65
50 79
57 80
58 92
33 80
86 90
46 96
56 72
47 88
70 91
15 68
1 54
21 41
21 24
97 100
71 74
37 68
40 76
34 94
98 100
2 72
30 33
70 80
5 8
9 94
56 88
78 89
79 87
39 72
41 50
37 67
94 98
95 96
1 76
29 35
58 79
86 95
18 97
87 98
6 9
23 42
41 44
77 99
26 77
80 100
44 88
13 36
26 95
83 98
3 16
12 58
36 75
25 40
17 52
92 97
47 77
33 44
71 81
2 57
92 100
75 98
31 40
84 92
58 80
81 85
72 76
88 98
39 68
35 70
63 91
12 21
28 89
69 81
59 80
73 78
42 75
33 84
63 77
47 61
93 98
65 72
99 100
3 93
84 99
22 72
42 57
7 81
52 90
44 65
68 78
53 77
47 48
53 60
59 73
30 71
44 50
87 97
31 92
27 37
98 99
75 91
8 55
74 77
39 70
55 70
29 44
31 87
86 92
16 29
99 100
97 100
30 36
87 90
73 94
71 84
19 94
68 71
64 67
45 72
14 31
83 90
26 31
35 79
54 83
84 86
24 89
45 65
81 98
90 96
90 96
80 92
89 94
58 93
84 94
85 93
10 26
94 100
3 80
25 29
47 69
12 64
28 71
7 30
40 54
5 75
11 18
31 41
64 88
86 90
93 95
91 94
73 92
41 84
68 76
97 100
77 94
29 68
70 89
48 79
54 90
23 81
19 46
38 64
9 99
80 85
79 96
98 99
57 93
57 70
84 94
81 90
60 71
57 74
68 74
70 72
81 89
22 79
56 75
47 65
95 96
50 100
88 93
76 78
27 30
61 80
75 100
42 95
27 92
97 100
95 96
10 41
91 95
63 79
29 86
40 70
8 30
89 99
27 60
26 65
53 65
57 67
26 40
77 94
14 40
39 74
90 99
35 51
60 100
93 97
97 100
33 79
37 90
81 98
58 62
84 97
18 85
33 90
76 96
20 80
67 95
52 99
47 59
51 57
73 92
41 90
86 87
75 78
85 90
85 87
9 70
24 50
12 57
63 66
31 79
39 89
46 95
93 97
19 33
95 96
30 96
23 26
76 79
51 62
64 71
53 81
62 79
48 80
37 53
2 11
48 51
34 83
12 48
2 62
21 25
40 88
34 71
36 74
9 38
80 85
93 95
17 90
61 97
97 100
4 40
92 98
51 60
43 69
41 65
5 38
25 29
94 100
99 100
65 95
83 87
18 96
2 77
90 96
9 24
47 56
31 71
58 75
18 43
35 69
19 44
8 30
62 87
99 100
52 97
76 83
60 89
47 77
29 97
78 79
68 84
7 81
48 94
11 63
90 99
15 49
40 91
8 15
28 57
30 77
25 94
25 44
58 69
93 94
24 46
66 89
58 98
18 32
93 98
44 91
65 94
23 78
5 43
81 98
70 80
97 99
60 65
44 69
56 94
13 44
43 44
23 25
62 95
59 98
14 90
37 47
2 74
32 82
28 78
90 97
2 93
46 79
11 39
57 97
91 92
95 99
56 80
3 88
19 86
41 43
65 88
52 62
16 71
51 56
29 47
82 100
91 99
55 59
37 70
67 71
61 68
66 85
36 46
45 63
29 30
12 59
17 48
36 45
87 92
21 41
42 67
88 92
68 76
38 40
13 32
65 91
23 79
85 96
72 73
73 87
51 54
50 78
42 60
22 72
50 97
18 73
5 73
23 65
21 44
42 47
17 98
25 43
92 95
47 88
58 66
94 100
3 13
72 82
27 86
26 72
2 100
55 96
70 82
84 97
96 98
51 99
39 51
5 24
45 66
78 90
97 98
2 73
62 78
28 62
67 74
49 59
95 97
78 96
95 96
61 98
6 48
78 90
77 87
47 82
14 21
43 48
7 66
71 84
67 70
98 99
65 97
73 96
45 64
65 88
50 96
19 86
12 36
78 95
43 59
79 92
95 97
37 93
8 37
62 67
13 17
4 5
34 91
72 82
27 52
32 71
13 37
11 48
43 53
36 65
53 96
13 68
42 60
93 95
34 54
21 97
56 92
97 99
96 100
96 99
73 93
26 69
69 91
74 95
83 90
68 94
33 42
44 100
67 72
77 96
27 58
75 97
12 54
65 97
85 100
85 91
76 81
31 96
18 95
31 32
79 100
31 98
22 44
52 98
43 95
88 89
38 83
42 64
55 84
28 88
42 100
60 80
87 90
62 85
63 96
86 91
34 99
14 30
64 90
3 13
98 100
61 79
29 80
17 37
20 47
41 50
16 19
30 33
19 55
75 83
23 43
33 71
11 74
37 64
16 70
45 91
29 96
65 79
71 80
83 90
97 98
96 100
67 96
84 94
41 85
52 85
21 96
43 98
34 52
61 72
42 91
11 18
82 87
4 20
41 77
8 35
42 51
17 78
68 92
97 98
84 86
16 74
92 99
77 93
85 92
74 92
17 71
19 57
68 93
14 57
30 62
43 93
67 75
60 70
94 98
33 77
37 70
22 34
80 100
78 82
8 14
4 25
24 95
72 99
57 71
67 73
36 49
24 100
41 86
22 61
36 68
31 35
49 87
57 65
38 83
74 84
99 100
10 43
55 71
55 90
76 83
71 76
66 92
70 73
97 99
28 85
90 94
24 25
28 80
47 62
27 55
79 97
24 80
88 99
16 77
41 65
14 55
66 77
39 48
86 92
25 31
42 52
63 80
23 78
42 62
48 86
21 89
86 88
98 99
67 88
14 86
83 99
17 90
28 54
79 91
62 80
74 94
58 91
73 100
25 64
17 48
54 93
98 100
78 97
5 72
10 51
71 97
23 83
92 100
66 72
25 50
69 72
54 81
8 55
44 66
13 91
41 93
90 98
53 80
22 94
81 86
15 29
21 31
82 98
6 51
24 37
20 87
67 74
31 95
56 58
13 50
52 65
58 96
20 87
83 86
65 74
24 42
13 85
99 100
71 74
84 99
79 96
18 77
95 97
35 75
3 73
21 88
94 98
74 93
36 63
97 100
43 61
91 92
71 84
58 86
81 93
10 17
45 72
85 87
83 84
52 79
80 85
26 61
74 77
53 79
70 83
17 76
74 83
2 41
92 97
56 73
91 99
29 45
69 86
94 97
40 85
30 40
59 60
87 99
11 89
19 48
85 87
67 82
61 84
28 89
10 86
58 91
61 98
44 92
33 47
28 58
60 100
72 93
40 77
81 86
7 37
55 92
81 84
88 90
91 99
9 74
94 96
44 96
37 84
18 27
51 54
77 95
24 88
45 67
60 74
88 90
51 65
3 36
90 97
25 76
35 78
37 88
49 100
1 90
49 74
72 82
74 98
46 51
94 100
74 78
89 99
99 100
17 52
66 79
81 86
34 48
50 94
68 78
13 62
24 98
13 86
90 91
87 95
43 59
21 58
43 61
37 63
17 89
59 61
5 18
53 54
81 96
77 80
16 53
59 69
18 43
27 42
12 28
10 30
90 91
35 41
93 97
40 72
48 63
21 70
41 88
45 94
42 46
40 56
53 63
94 98
97 99
73 78
38 84
93 94
17 100
55 95
30 67
74 87
15 30
26 100
52 75
25 62
99 100
47 82
11 36
59 65
89 97
22 83
27 72
27 76
60 94
80 100
14 16
47 76
45 96
86 96
80 89
98 99
48 57
93 97
81 90
33 34
24 51
24 35
99 100
32 56
71 77
97 100
66 88
3 36
76 82
95 100
24 81
5 53
91 94
56 67
17 64
22 73
46 83
15 81
34 55
66 73
7 30
77 96
69 97
19 60
58 97
32 48
39 58
19 41
41 80
97 99
28 84
73 85
8 67
18 60
67 77
18 91
32 54
74 92
61 73
7 73
46 72
58 73
46 63
47 59
20 95
65 87
83 91
66 94
71 72
37 76
96 100
14 15
27 75
26 100
43 79
13 61
9 22
22 50
20 62
33 48
58 81
89 93
13 97
12 99
6 92
60 93
80 93
13 30
75 79
56 87
74 91
18 68
18 89
55 74
96 97
51 58
95 97
84 90
5 87
60 84
93 95
63 91
32 95
11 94
72 79
74 80
70 83
37 61
62 69
75 77
74 100
16 53
85 92
53 58
8 37
92 94
24 52
6 15
30 97
34 93
24 96
69 83
13 17
18 66
35 46
81 90
7 50
69 95
83 98
75 78
30 46
27 31
96 99
28 49
6 53
45 46
44 83
19 85
36 74
47 59
40 48
57 62
7 18
94 100
61 75
24 36
35 59
12 86
18 49
57 60
55 99
42 86
54 56
83 93
38 96
41 84
90 96
75 94
50 82
4 83
94 100
48 57
53 90
34 58
9 29
8 84
32 70
57 72
89 97
10 97
73 87
53 84
8 23
87 97
70 90
45 74
72 93
88 95
66 99
13 68
94 96
72 85
49 77
53 77
90 99
25 61
58 96
69 94
27 99
31 84
57 74
3 5
91 93
65 71
23 59
4 59
11 98
32 68
77 93
34 91
10 27
44 76
66 83
12 76
86 93
29 95
66 88
94 100
57 63
83 96
24 83
92 93
8 86
52 97
50 83
31 65
7 46
65 98
34 37
36 89
39 65
90 95
7 30
71 93
85 87
34 52
34 64
5 93
37 83
82 87
57 69
14 45
53 81
71 98
51 81
31 98
44 86
3 100
49 78
19 72
1 58
92 97
77 87
95 100
65 96
54 84
48 87
88 91
29 43
29 64
71 82
22 70
70 73
45 46
23 29
59 98
40 42
17 97
36 81
58 69
66 96
85 93
34 98
88 89
22 52
88 100
9 10
68 90
97 98
74 76
21 24
44 92
43 80
52 95
51 64
18 34
25 84
79 100
84 91
88 93
31 91
86 91
33 84
61 85
15 28
36 75
87 94
67 95
65 69
26 53
24 81
34 36
31 81
23 85
28 46
95 97
64 77
45 50
75 76
30 50
18 57
59 81
35 53
48 78
70 100
49 53
15 99
2 46
89 93
87 97
51 99
47 48
38 72
64 81
26 83
36 42
16 100
57 83
27 88
46 80
27 41
20 92
43 96
50 59
10 90
25 56
2 40
22 73
80 92
37 96
35 71
75 79
22 98
27 89
93 99
55 88
19 42
19 96
89 98
44 99
17 41
77 87
86 98
28 85
26 91
34 61
11 64
79 90
64 83
50 52
19 84
1 65
36 42
11 55
93 97
80 81
36 42
68 72
70 88
9 83
20 47
15 22
21 90
13 80
79 92
92 96
50 96
43 72
76 88
46 65
50 96
90 98
12 14
7 44
80 100
43 63
18 81
20 89
94 98
74 95
8 13
6 47
91 92
79 96
52 72
58 97
18 49
43 64
89 95
84 92
2 20
43 83
82 93
75 96
18 46
97 100
8 58
25 41
8 55
37 62
81 84
67 77
15 62
37 50
31 63
78 81
75 95
58 90
88 99
94 97
38 64
50 86
39 64
67 76
23 91
83 100
91 99
74 83
16 34
8 17
3 95
52 73
9 59
66 95
19 74
68 73
60 66
38 50
75 89
38 72
19 53
16 91
21 68
68 76
57 77
26 59
81 91
50 67
61 86
85 96
64 96
79 90
50 64
94 98
99 100
25 28
40 41
66 87
15 73
20 75
33 89
95 97
54 85
2 63
57 87
65 87
28 51
91 100
33 73
92 98
2 95
2 10
88 94
3 20
31 77
84 98
98 99
54 70
18 98
22 51
77 90
91 94
19 52
51 81
91 100
37 67
84 90
23 69
23 63
27 31
34 91
3 44
67 82
75 79
77 85
11 89
63 77
79 85
59 90
92 98
68 96
68 76
56 66
31 58
66 86
75 89
1 36
1 41
12 46
66 93
47 71
52 66
15 91
86 89
78 80
31 37
68 93
60 65
37 53
51 95
98 100
18 98
13 80
87 98
63 81
68 74
52 93
11 12
92 96
98 99
14 59
69 79
52 96
22 32
55 80
94 97
57 85
60 63
64 74
55 71
16 27
58 96
25 87
41 43
15 63
37 90
15 51
92 100
42 70
97 98
49 59
54 87
42 63
41 93
61 99
82 89
19 50
44 84
10 55
80 93
60 68
59 66
40 89
70 78
18 63
63 94
69 78
9 53
14 53
34 77
13 96
32 40
84 98
73 100
58 81
48 66
66 81
56 92
55 90
59 73
20 51
32 55
68 93
21 54
86 87
48 100
43 94
49 78
80 89
23 89
32 37
49 60
31 86
53 95
39 61
95 96
50 71
48 55
15 83
40 67
38 55
23 84
81 96
66 75
38 55
8 40
1 10
74 94
12 82
9 47
75 83
4 54
64 74
94 98
84 98
95 96
6 51
38 82
70 82
98 99
44 65
75 80
48 95
96 97
22 84
16 77
59 94
90 97
81 100
84 90
61 65
6 52
84 100
4 59
58 71
45 99
49 53
8 95
61 77
75 88
38 79
6 67
96 99
49 70
80 86
69 83
42 52
70 82
30 66
64 93
6 54
91 92
58 67
22 78
41 85
53 89
96 100
40 100
2 42
55 75
98 99
31 65
29 40
73 85
55 77
2 69
80 83
4 18
39 78
67 98
95 100
55 61
89 93
15 45
97 99
69 99
31 46
88 97
35 47
85 94
36 100
28 100
60 96
38 75
19 46
31 96
41 55
96 98
71 83
61 71
16 67
37 49
34 99
93 96
84 98
59 68
4 17
92 96
34 36
29 93
80 94
31 97
7 36
70 93
54 87
47 56
1 53
88 90
22 24
35 82
7 66
34 67
51 58
79 94
98 100
98 100
71 91
24 54
29 81
56 82
12 33
70 82
2 6
35 75
71 100
31 98
46 80
30 100
32 76
6 8
58 61
53 68
94 96
95 99
54 60
22 54
73 97
67 83
80 100
77 94
16 22
40 99
52 61
57 76
55 78
22 86
30 96
85 93
13 64
70 81
37 84
13 66
32 45
6 78
8 40
97 100
47 70
51 55
84 85
4 44
92 98
15 73
39 73
66 82
51 62
4 42
42 61
66 86
38 54
88 91
62 89
61 79
19 63
88 90
13 66
48 76
74 87
5 91
19 35
57 85
91 92
89 94
44 80
96 98
1 16
55 92
35 72
22 55
44 67
11 35
16 18
48 79
89 98
47 100
15 99
2 83
74 90
53 63
27 90
8 75
87 90
77 100
23 48
14 51
92 98
11 86
82 98
48 76
88 94
30 60
77 100
27 76
3 68
54 65
83 86
85 92
29 67
59 99
34 63
56 86
96 100
18 88
11 87
77 98
76 97
78 92
71 86
46 61
35 84
87 91
15 19
2 94
13 58
44 84
84 98
56 60
44 68
91 93
6 25
49 91
24 56
50 90
67 73
54 67
93 100
82 90
35 63
10 88
85 94
7 39
3 64
99 100
87 97
29 47
85 98
60 85
55 76
36 84
47 51
33 100
55 78
3 89
62 90
51 95
54 79
55 94
23 74
62 87
35 77
62 75
75 94
93 94
58 62
64 92
2 87
49 72
60 68
45 88
29 39
49 73
84 88
34 74
91 92
1 70
54 89
54 60
11 55
14 44
78 82
95 98
29 76
51 65
6 9
42 93
75 95
12 21
2 27
23 46
63 75
56 64
71 76
5 60
36 74
73 99
21 98
26 35
41 98
73 83
49 56
61 65
49 71
32 82
90 97
34 98
2 20
56 83
76 90
48 52
4 57
5 94
49 85
83 100
55 62
35 92
10 79
3 87
9 26
86 95
96 99
13 51
79 88
11 81
15 39
53 67
79 97
30 79
88 95
35 68
99 100
39 98
59 67
3 46
24 39
39 76
21 73
41 80
80 87
16 57
91 100
21 88
34 58
51 65
21 48
77 84
12 97
70 71
36 77
30 88
70 92
32 47
29 32
37 66
97 99
49 54
73 94
89 93
51 100
56 89
89 90
44 69
39 73
4 62
35 76
88 98
35 84
97 99
41 77
47 87
30 50
76 81
84 89
30 77
19 100
18 42
96 98
2 97
37 52
92 96
9 96
17 78
15 51
51 61
39 45
60 95
90 93
45 68
8 30
46 50
42 61
93 94
2 12
54 70
71 76
79 81
73 85
89 95
15 24
89 96
64 66
91 95
98 100
87 99
86 88
80 88
28 61
23 75
29 41
35 76
18 83
88 95
99 100
11 72
49 87
98 100
17 62
95 97
84 99
20 96
25 82
6 71
97 98
33 80
54 98
16 33
59 81
28 29
22 68
24 81
42 99
44 53
57 89
60 83
87 94
47 60
84 86
32 51
80 91
34 66
21 48
2 90
90 98
92 96
30 49
5 40
29 67
78 93
5 9
9 53
54 91
50 57
85 86
2 83
13 52
19 81
24 69
32 38
15 41
59 85
76 88
63 80
51 95
40 59
36 87
94 95
45 62
2 19
10 57
92 96
43 83
67 82
25 79
79 100
44 86
90 94
70 99
45 93
60 91
48 62
90 99
12 68
25 66
56 95
97 100
17 28
28 86
41 62
38 72
52 89
1 40
34 79
83 98
29 76
19 97
7 24
64 91
82 97
71 85
52 62
49 59
19 84
35 48
89 99
44 47
92 99
14 24
20 21
43 89
27 87
99 100
8 86
16 72
68 82
69 81
13 36
22 82
81 89
39 98
43 65
76 97
78 86
28 59
63 76
39 68
88 93
79 89
25 97
59 82
62 83
17 60
45 75
36 84
19 100
25 47
19 63
31 80
20 29
90 94
64 69
21 38
95 96
52 80
16 31
71 79
93 96
16 69
42 69
66 67
80 91
88 99
17 79
64 76
63 99
61 82
7 38
92 98
63 84
13 28
23 31
85 95
25 47
80 84
79 93
53 78
50 70
33 91
21 64
89 96
86 91
7 61
60 71
23 71
45 76
74 92
72 93
97 98
52 55
36 45
18 35
90 98
46 75
70 92
2 90
81 85
6 30
10 19
76 77
39 76
25 31
51 91
79 87
59 72
7 63
14 58
4 96
36 81
20 48
25 100
14 17
73 94
69 94
54 60
93 95
24 41
22 71
71 92
37 74
84 94
56 94
55 99
64 69
4 9
59 93
28 76
93 94
56 100
59 77
38 90
34 54
25 78
89 98
73 98
25 88
44 81
98 100
14 48
15 21
70 72
85 96
22 43
63 92
83 88
94 96
67 69
1 41
45 51
20 47
2 14
10 36
72 88
69 90
49 99
52 91
66 98
54 81
54 92
31 96
65 99
25 95
59 96
86 87
47 96
32 38
13 83
39 47
58 80
37 67
33 44
61 73
86 95
56 72
88 96
87 91
73 90
38 48
35 55
66 74
55 89
84 95
69 86
49 97
52 53
6 26
42 70
9 33
84 94
15 60
94 95
9 75
37 77
53 82
32 61
97 100
52 82
69 79
48 62
52 64
65 74
13 51
69 86
43 86
72 73
87 91
49 86
53 98
47 98
27 86
94 99
27 73
79 95
12 76
31 73
55 57
63 98
31 83
10 97
3 100
20 66
71 93
40 67
66 87
50 58
46 52
72 86
79 96
37 46
72 92
12 36
43 81
78 81
65 75
74 92
8 67
59 82
89 91
67 81
76 98
56 61
37 94
32 57
67 83
86 97
46 70
93 98
86 94
98 99
57 86
76 77
59 86
80 96
7 85
36 94
97 98
31 57
55 89
41 98
88 95
48 98
61 93
85 94
40 74
68 90
81 90
45 91
51 61
33 57
18 78
64 72
26 92
4 45
94 100
84 88
25 73
2 46
82 97
11 91
45 59
95 99
49 79
16 20
53 55
27 57
53 65
75 89
44 48
59 96
80 93
50 85
39 83
83 99
7 54
99 100
24 100
47 58
2 3
34 66
25 45
29 75
79 89
8 66
18 29
43 70
77 87
40 59
82 84
92 98
66 70
90 94
86 97
47 94
19 85
54 94
6 95
66 73
95 96
2 65
97 100
61 65
75 94
63 66
90 96
87 93
28 30
35 75
24 28
80 91
14 64
41 93
24 79
28 56
35 79
16 56
19 70
76 79
10 60
37 80
79 91
83 90
92 100
89 94
14 35
91 96
33 76
66 88
90 97
59 80
65 90
9 72
99 100
15 50
41 53
90 95
53 80
57 84
95 97
22 57
19 92
84 86
58 65
13 20
99 100
66 88
89 91
57 78
46 96
59 96
68 79
61 63
98 99
45 91
7 43
12 52
83 91
20 25
4 5
74 91
31 40
14 31
44 80
41 67
44 86
51 91
26 32
96 98
87 97
42 58
29 79
44 79
39 60
23 99
22 86
53 59
49 87
29 74
1 43
51 77
66 85
91 92
81 90
51 70
77 93
99 100
3 78
15 48
99 100
74 93
94 99
58 64
2 84
91 100
65 76
90 94
70 77
44 52
35 86
91 100
7 57
35 42
99 100
30 79
63 81
15 32
44 99
9 56
20 35
47 66
78 94
66 78
97 99
27 31
23 37
92 94
1 90
19 93
28 89
4 15
15 21
43 57
21 42
37 80
24 58
98 100
12 85
1 89
72 90
23 71
18 93
39 65
69 99
84 94
27 67
61 67
22 57
21 55
14 64
81 90
12 78
9 29
77 98
21 62
5 65
69 80
21 49
24 53
5 93
24 36
74 80
35 95
36 71
67 84
45 46
89 97
71 75
96 98
17 29
65 81
91 96
67 91
75 87
51 68
85 90
88 97
80 82
68 73
93 100
60 91
71 93
20 58
71 91
45 49
8 24
82 100
8 74
71 73
52 64
33 70
75 90
86 98
90 94
14 49
16 98
37 99
82 95
39 70
66 88
92 98
61 85
28 55
18 77
2 64
59 80
89 93
19 90
90 96
81 86
35 65
9 72
96 98
4 55
25 47
97 100
41 48
25 52
71 91
71 100
35 77
41 91
55 80
47 69
29 57
67 97
98 100
61 79
94 97
95 100
61 68
85 94
48 62
78 79
84 92
96 99
7 9
72 97
69 99
78 87
89 92
98 100
88 91
47 88
47 97
50 82
45 61
38 100
32 82
38 76
54 90
13 19
14 65
65 92
80 94
8 63
23 45
55 90
93 98
24 55
28 41
97 98
80 100
48 78
70 91
51 93
75 81
18 66
11 28
65 82
48 71
23 50
33 98
53 93
14 35
36 99
74 92
1 71
80 93
92 100
1 53
4 30
51 68
99 100
12 73
51 63
43 48
91 96
87 94
45 76
55 84
10 59
79 86
55 76
69 83
30 92
19 26
12 21
95 98
26 59
90 97
38 62
42 77
67 97
15 30
15 87
38 60
57 97
96 99
93 95
80 100
7 77
81 87
31 100
30 46
49 65
79 96
75 77
33 59
85 90
99 100
84 97
89 94
72 85
38 75
80 89
56 75
53 78
4 93
44 73
88 97
10 19
72 78
44 76
12 45
68 92
83 93
5 6
45 90
38 46
77 84
17 74
47 97
81 84
60 94
75 99
11 94
27 94
22 88
62 69
85 98
23 39
75 86
66 72
52 98
18 58
45 64
37 91
15 34
91 95
83 93
79 90
47 78
12 52
37 62
82 99
69 95
39 57
37 62
91 93
65 76
60 100
32 87
11 71
29 63
64 98
68 93
46 74
59 78
52 90
90 95
90 94
89 99
91 96
89 100
37 39
49 98
98 100
89 95
39 61
68 70
67 79
67 94
1 58
16 56
26 68
12 31
7 25
79 95
40 83
18 89
95 98
79 96
52 87
28 98
62 91
24 62
52 94
92 94
1 81
95 98
90 91
89 92
85 95
81 83
27 51
63 64
92 93
39 72
22 73
15 69
51 66
93 96
55 76
15 81
40 82
87 93
91 92
73 78
17 37
51 67
81 90
27 50
88 99
19 42
93 96
78 88
12 53
84 98
95 97
65 75
46 70
88 96
58 99
70 71
24 85
49 89
16 24
68 83
76 99
24 97
39 79
8 23
86 89
14 45
77 90
35 52
81 83
7 61
4 71
50 69
65 85
48 53
25 83
9 54
88 96
64 92
14 98
50 64
48 75
9 84
90 93
72 92
41 74
56 95
24 35
39 51
32 100
30 52
90 97
27 34
84 94
62 92
57 59
12 49
9 48
5 13
8 32
86 88
55 85
65 100
2 57
21 28
52 89
82 94
78 85
61 86
66 86
47 54
92 94
59 62
11 43
48 93
85 92
46 57
91 96
68 97
3 7
44 53
86 93
10 65
40 76
9 59
61 74
59 70
29 58
16 36
32 77
91 92
68 77
79 81
47 56
8 36
79 84
13 41
30 94
18 39
7 89
30 39
41 62
48 60
60 78
68 70
85 92
99 100
81 94
71 77
56 88
41 49
63 77
91 94
13 81
27 31
98 100
38 84
4 21
71 82
60 81
60 97
20 56
48 79
34 41
71 91
87 92
29 91
76 85
5 31
99 100
65 87
18 26
12 92
84 94
98 99
93 96
94 99
15 70
17 56
24 51
82 98
42 82
44 92
23 87
34 47
87 90
69 88
52 57
84 91
54 64
5 43
4 15
36 94
86 93
98 100
28 35
73 88
59 85
70 82
88 91
23 30
12 22
86 89
73 81
53 65
18 43
78 99
24 45
6 89
85 91
96 97
11 45
65 87
8 97
97 100
47 53
72 74
39 41
73 91
38 79
70 89
11 16
16 58
66 90
83 88
95 97
21 39
22 97
43 51
94 96
27 50
54 83
47 50
69 75
94 99
84 96
51 86
8 87
21 47
31 33
13 81
37 40
90 95
91 94
51 80
61 75
68 83
53 78
63 70
40 100
26 90
39 59
68 98
16 46
10 41
1 74
92 97
62 99
36 88
39 62
91 94
78 99
41 55
67 85
3 11
22 59
52 57
12 37
53 69
76 79
6 21
44 50
84 86
59 82
96 100
64 90
25 94
58 65
74 86
8 71
7 26
20 90
66 77
93 95
98 99
67 85
42 76
12 71
5 75
48 57
21 67
55 80
75 100
41 67
7 46
70 99
70 74
72 99
71 74
64 86
55 66
94 98
63 85
42 78
34 50
88 100
66 88
78 100
23 75
7 9
86 89
30 45
55 56
53 59
80 81
85 92
34 49
7 50
21 40
54 82
10 51
69 71
1 79
90 100
7 43
66 87
69 89
52 92
76 82
72 77
14 69
5 47
4 55
80 91
76 79
55 63
29 95
16 56
98 100
30 35
26 36
65 99
21 24
84 93
14 90
68 72
5 85
52 80
94 98
32 91
1 10
34 98
47 70
87 93
48 50
21 40
42 50
85 88
20 33
57 77
1 49
20 21
93 100
43 70
95 97
6 27
74 99
63 78
83 91
80 85
44 93
68 81
71 94
41 60
47 54
89 95
34 93
39 70
28 67
78 81
54 82
87 88
87 95
2 95
10 22
20 53
90 98
67 85
92 97
82 99
2 19
78 83
68 93
70 90
70 74
40 81
77 78
91 92
40 75
94 97
62 88
68 72
1 13
92 100
40 81
92 98
84 96
11 58
19 66
93 94
87 95
99 100
33 53
68 97
39 48
65 97
35 50
25 53
99 100
5 11
15 47
89 98
10 18
56 96
59 80
24 93
58 88
7 89
46 93
4 31
3 51
29 64
81 83
22 93
20 45
49 78
69 82
26 90
1 35
66 75
22 59
9 67
70 79
2 33
4 38
19 87
58 90
78 79
16 64
22 52
4 45
55 94
22 49
88 95
87 98
82 98
2 43
31 51
19 85
5 17
48 93
67 94
44 92
95 97
8 11
27 42
2 73
37 85
43 58
99 100
14 45
24 91
47 48
9 25
13 56
21 26
86 92
36 97
5 31
45 88
90 96
71 98
75 85
92 96
69 76
14 67
29 74
98 99
71 72
94 97
65 94
42 100
81 90
49 85
95 100
75 96
55 61
25 46
95 99
5 40
93 96
21 23
93 97
98 99
44 83
71 97
4 63
43 63
55 83
63 90
82 85
20 100
52 64
89 90
40 53
40 92
69 96
46 96
76 89
99 100
97 100
63 65
59 84
81 82
89 93
70 78
38 88
96 97
90 97
3 88
99 100
50 81
6 50
48 77
57 77
59 67
19 89
23 35
77 95
4 54
28 96
96 97
47 77
8 32
39 47
37 65
73 95
70 75
77 100
20 28
24 33
24 47
57 91
42 53
13 90
35 73
71 86
2 58
3 53
39 90
27 82
99 100
66 97
21 66
15 66
88 92
75 81
22 69
23 37
41 82
26 80
87 94
80 98
79 92
6 59
62 78
42 84
31 92
97 98
8 12
7 19
16 61
16 32
65 96
81 94
78 82
88 97
60 90
75 85
61 68
70 76
32 38
32 37
6 43
93 97
17 27
4 17
98 100
63 93
53 100
59 65
48 55
82 91
33 43
33 36
10 65
15 17
89 96
2 99
34 37
90 97
24 35
14 92
68 92
45 72
66 98
45 58
77 91
98 100
70 86
94 98
22 55
71 98
56 92
19 28
60 84
33 81
86 93
7 60
87 92
93 100
70 81
82 87
25 57
37 70
22 76
56 63
31 58
79 95
42 75
9 74
60 81
74 95
45 79
10 57
57 87
55 57
17 32
77 84
87 90
7 94
24 71
77 96
3 14
88 90
40 56
55 77
49 71
81 98
25 26
9 34
13 32
81 84
41 89
93 94
95 97
25 28
92 93
73 84
37 82
56 86
26 96
4 34
72 80
26 93
40 58
50 87
19 61
38 96
61 99
55 79
12 93
22 74
34 100
21 88
72 77
51 95
62 75
56 100
14 90
91 92
84 91
43 73
80 88
97 98
81 92
45 59
36 68
35 98
32 78
54 82
76 77
51 86
94 99
76 83
85 90
69 71
36 49
50 97
33 72
41 92
89 100
7 43
1 75
10 63
59 61
70 79
53 55
41 84
54 95
85 86
41 82
61 99
60 67
94 97
50 93
58 75
59 100
41 80
74 100
5 86
72 73
22 44
41 56
19 72
53 88
67 91
63 97
79 85
4 50
62 80
35 82
53 80
45 49
11 50
57 74
82 97
13 50
24 29
14 33
89 100
92 95
61 63
72 93
43 49
1 84
96 99
28 76
35 37
90 93
35 88
85 89
19 20
3 75
48 97
77 85
67 85
56 98
67 77
20 28
80 94
68 100
1 98
5 8
22 41
20 72
94 97
31 46
98 100
53 54
28 72
75 83
77 91
11 95
45 61
94 95
33 73
7 57
35 53
72 75
44 97
43 91
28 91
96 97
17 75
57 59
54 96
80 82
53 61
8 20
16 45
18 63
48 69
2 25
22 25
75 87
40 56
55 73
36 88
23 93
75 90
92 98
78 90
6 71
36 93
84 98
56 97
48 54
83 90
24 39
43 75
90 96
55 58
34 98
75 78
83 94
86 89
22 99
11 49
96 98
79 94
62 72
6 40
72 90
7 52
27 45
37 87
31 33
48 93
43 88
64 68
87 88
71 85
90 96
22 56
29 60
45 58
46 55
59 73
20 25
93 95
52 55
4 72
41 46
85 90
29 45
78 84
74 82
63 71
31 52
41 74
18 31
5 69
25 87
74 75
47 85
31 33
20 96
4 78
3 23
43 71
26 63
54 58
22 64
1 47
58 60
57 72
12 90
37 41
73 79
67 87
50 65
14 26
38 56
53 95
30 43
5 50
48 97
89 95
43 70
35 79
73 83
17 94
92 94
34 52
49 56
14 16
56 60
45 70
99 100
31 81
73 80
67 99
94 98
38 71
80 83
26 48
57 78
28 76
75 77
93 100
96 99
49 93
27 46
42 98
80 97
74 80
16 98
33 70
54 63
14 68
16 60
40 61
81 88
58 62
13 17
24 46
41 90
64 75
61 91
26 88
43 73
79 95
76 80
14 31
93 98
90 97
64 93
58 82
98 99
33 85
90 94
44 86
95 96
17 89
90 93
30 71
29 86
2 88
7 64
35 67
66 74
2 68
71 84
65 84
44 87
38 63
27 57
80 98
53 76
17 86
79 92
96 100
69 98
57 65
93 94
28 47
13 99
40 79
23 92
60 84
40 99
18 90
76 94
70 80
97 100
38 90
28 54
77 91
79 89
19 22
58 89
33 49
52 75
57 73
35 79
47 85
94 95
77 86
28 58
59 74
91 96
12 52
72 87
32 54
57 94
23 95
58 77
1 28
93 100
65 83
59 73
44 59
95 99
80 87
4 79
3 4
84 96
29 75
79 80
33 79
83 94
61 95
81 99
92 97
28 64
35 55
81 85
73 87
20 41
49 88
61 66
66 79
10 100
38 39
55 88
58 93
25 50
87 90
52 70
77 86
30 47
94 98
24 100
73 78
25 93
66 90
91 93
24 48
85 92
51 98
34 50
96 99
35 63
13 83
31 99
35 80
60 71
35 76
39 80
82 95
55 70
73 88
22 62
58 86
13 88
37 67
89 96
48 68
49 100
9 35
9 53
51 86
63 72
5 68
19 91
58 72
38 47
72 89
12 17
62 90
79 99
24 87
30 38
19 34
86 89
7 76
15 34
26 48
66 78
12 66
85 96
60 61
86 98
23 33
56 96
41 62
54 100
99 100
92 98
28 44
51 55
96 100
11 69
65 78
84 89
24 29
95 99
63 88
96 98
46 90
82 86
3 51
95 96
11 61
56 66
98 99
33 59
27 64
91 99
86 97
14 95
68 98
43 64
45 51
49 53
20 58
57 71
69 95
41 51
66 90
27 48
71 79
5 53
10 21
89 98
14 64
37 75
31 84
55 93
98 99
11 23
82 95
76 88
73 87
15 57
29 93
50 57
86 90
24 44
10 23
68 97
84 95
20 92
56 93
91 96
24 40
30 49
33 38
72 81
51 56
24 49
26 86
6 76
4 10
33 92
57 76
29 38
40 66
12 79
51 88
49 54
28 78
42 79
30 63
11 61
55 84
65 77
42 65
3 91
83 88
58 71
38 93
4 40
37 63
49 88
80 84
56 72
32 70
64 83
87 92
94 97
43 46
11 20
20 84
92 95
1 42
10 69
99 100
61 81
37 75
51 59
66 71
78 89
63 97
99 100
84 94
58 97
80 95
26 45
66 100
53 88
37 72
82 86
46 55
4 68
14 84
22 90
92 94
14 25
59 82
37 39
54 59
70 84
48 84
54 95
40 48
2 93
85 100
58 64
44 70
68 78
50 92
48 86
2 72
94 99
67 72
47 95
92 94
36 57
31 79
28 86
65 78
88 99
47 63
97 98
17 56
27 35
35 42
4 76
96 99
88 99
43 58
84 86
54 73
94 100
25 35
60 70
25 48
97 98
34 91
50 72
50 59
84 98
70 89
43 58
36 79
98 100
52 72
92 96
51 85
17 70
36 47
49 64
57 98
48 95
65 86
49 83
85 94
80 91
66 95
11 82
43 97
60 84
69 96
92 98
58 62
12 64
78 85
80 82
65 88
93 98
71 87
10 100
29 45
89 98
43 71
29 85
96 97
43 75
79 88
95 97
7 54
21 57
76 91
21 64
7 59
22 92
90 95
36 48
38 99
23 51
28 100
10 81
38 87
52 55
75 84
96 98
88 92
18 63
64 72
23 74
2 84
54 62
70 73
12 89
37 80
20 57
60 65
48 55
63 74
28 52
62 78
71 83
56 91
16 58
84 87
22 100
29 51
48 99
72 79
8 27
6 26
60 80
