4005
84 95
29 60
5 64
39 51
9 32
73 76
7 45
81 82
29 94
64 81
27 72
76 84
34 75
75 91
75 82
60 66
32 67
79 89
55 60
76 81
29 66
62 96
69 99
50 51
69 90
74 96
71 97
10 57
88 99
19 30
42 96
43 56
29 35
70 86
18 69
86 99
67 88
44 62
49 65
62 73
2 27
90 94
88 94
43 99
62 68
37 64
37 72
55 59
65 97
54 67
7 67
29 43
3 43
79 87
33 81
74 99
72 95
57 91
21 58
99 100
38 53
31 93
29 83
69 89
38 50
66 93
90 100
96 99
23 27
12 34
72 100
73 78
31 46
1 51
70 92
41 53
9 73
90 98
47 100
91 100
56 89
26 86
2 94
17 30
26 65
70 89
72 95
85 86
44 47
36 53
95 96
61 83
76 99
83 96
79 83
63 72
37 57
40 88
28 45
51 94
19 86
68 79
4 95
67 91
80 82
57 78
19 29
91 99
54 75
66 96
72 90
58 70
7 91
95 98
23 93
97 99
18 82
2 67
91 97
11 23
23 74
47 80
17 94
91 99
62 70
78 88
33 43
87 97
99 100
66 81
92 99
84 96
49 86
55 83
23 44
43 50
60 61
69 70
31 71
62 73
31 82
44 48
27 44
94 95
63 69
10 17
5 23
78 91
47 92
92 98
43 56
25 74
94 99
73 74
57 91
35 89
2 40
72 95
81 95
57 98
52 67
67 73
89 90
77 91
57 69
64 69
57 81
51 85
34 57
97 99
53 58
76 96
20 77
54 70
78 100
88 99
29 65
65 100
33 62
17 28
32 78
8 14
30 65
55 89
97 98
55 86
37 91
86 100
48 79
68 79
64 97
35 63
66 89
16 34
81 86
63 85
36 53
40 53
85 98
97 99
14 69
52 97
83 93
1 54
53 100
75 84
40 53
79 88
50 55
13 51
41 70
20 65
41 52
64 83
6 93
77 98
20 48
75 97
29 30
90 97
11 38
22 41
71 85
36 97
71 93
36 53
76 88
25 81
29 35
70 91
33 42
29 44
62 70
95 96
66 86
58 65
9 85
37 84
78 97
56 92
31 46
49 97
13 63
46 69
92 95
30 98
71 80
20 28
96 97
69 85
53 82
43 56
44 96
36 84
44 98
23 90
40 51
1 47
34 47
93 100
32 45
1 40
80 84
50 67
90 94
38 57
1 82
18 24
21 61
19 51
9 64
56 72
18 55
23 36
83 94
5 8
56 58
22 39
82 91
57 73
17 47
25 75
83 100
89 96
54 61
67 79
72 81
10 71
95 97
34 76
62 77
53 79
85 97
22 95
54 68
11 51
62 83
40 65
32 38
99 100
68 69
50 55
95 96
70 88
12 75
33 35
35 45
49 76
49 64
8 79
38 91
16 29
18 82
76 100
39 81
25 83
96 97
19 39
96 99
61 99
15 65
7 73
22 44
36 70
85 98
74 87
34 78
12 89
87 95
13 51
56 80
74 92
83 95
11 59
54 68
38 46
62 73
27 67
4 61
90 91
42 93
2 91
95 97
72 93
86 88
11 50
94 98
92 96
79 96
46 84
9 88
90 97
22 59
45 59
20 23
25 82
74 83
52 67
45 73
5 9
32 46
17 37
22 28
60 82
46 98
30 35
53 82
45 70
70 85
3 32
72 83
85 86
50 96
73 85
56 90
53 90
59 89
61 99
69 78
89 96
57 88
52 92
46 50
62 71
91 98
20 57
19 38
52 67
45 59
96 100
66 88
92 100
7 91
61 66
24 35
29 55
89 91
86 91
4 96
34 56
83 93
9 66
75 87
41 96
44 64
38 73
72 87
34 82
25 71
16 46
35 83
61 62
35 64
92 97
3 99
89 90
49 68
57 91
24 50
1 80
43 50
99 100
27 63
25 29
72 75
9 31
11 73
2 10
92 96
12 99
74 92
90 98
4 96
43 55
98 100
16 43
43 62
64 99
47 72
43 57
20 64
10 91
15 50
2 10
71 88
71 85
15 90
35 40
68 97
28 63
96 100
4 52
59 89
3 35
5 40
4 67
43 68
70 71
77 84
46 54
86 99
83 88
79 92
55 80
78 89
54 76
74 94
17 56
15 97
69 78
33 76
55 65
32 59
29 99
80 81
55 56
69 82
43 58
77 100
16 49
74 92
54 89
46 80
42 86
40 62
99 100
26 65
80 91
80 85
5 58
70 78
83 88
55 66
31 85
83 96
17 97
9 18
41 88
86 97
1 26
76 93
18 71
34 37
96 100
97 100
8 22
52 53
19 97
88 96
12 48
29 79
92 100
44 70
14 45
32 75
49 99
76 87
30 71
70 87
56 100
96 100
25 36
87 98
84 87
26 57
36 88
4 27
13 66
47 70
52 69
71 94
77 83
98 100
29 87
3 36
45 73
5 66
33 88
2 89
37 80
32 95
34 44
58 78
81 90
98 99
25 87
61 82
9 38
14 72
87 94
63 95
83 98
55 90
90 93
76 95
68 82
81 98
25 93
3 40
35 48
88 89
83 87
12 97
4 46
99 100
68 96
42 83
26 92
90 98
41 91
52 71
4 37
57 98
12 13
8 16
45 62
16 40
64 80
94 96
52 69
46 47
14 33
85 97
62 71
66 79
12 22
32 55
5 52
52 54
79 80
99 100
19 99
85 91
85 86
42 84
85 92
48 98
54 74
4 60
16 90
43 87
16 19
74 91
66 67
69 75
1 57
67 92
97 99
19 56
53 57
42 45
62 81
14 18
99 100
63 96
44 58
93 94
50 61
1 97
16 82
21 96
30 66
58 95
55 66
38 57
55 100
45 52
81 100
60 61
51 98
92 96
40 57
99 100
95 98
89 91
18 22
26 80
5 21
77 92
3 74
82 95
66 100
61 73
73 84
14 29
89 90
76 87
31 74
49 59
17 19
81 92
70 96
17 83
52 58
92 97
83 99
95 96
41 64
57 72
1 12
8 68
79 98
61 72
76 86
45 61
64 78
71 94
5 46
32 100
80 95
28 33
75 89
33 42
25 45
61 80
64 85
88 93
72 74
50 96
73 91
95 99
71 74
18 85
87 88
22 77
79 95
70 95
90 99
57 93
43 78
61 88
98 99
9 43
5 18
10 28
51 73
20 53
58 70
39 87
21 33
43 44
29 52
60 62
76 88
43 74
5 39
4 48
71 78
31 70
93 96
64 76
73 93
45 65
25 93
9 61
40 72
66 100
89 100
6 28
17 36
73 83
6 88
92 95
84 89
29 72
43 82
95 99
39 88
9 66
62 99
65 93
13 61
67 71
7 17
64 87
24 96
39 43
27 64
94 98
74 89
85 91
42 96
46 76
82 99
59 86
40 94
1 8
46 64
32 65
12 89
63 74
50 97
43 57
31 56
34 78
15 90
90 96
62 79
19 79
69 74
51 55
14 61
71 88
75 80
58 64
18 68
81 99
79 89
96 97
66 95
95 97
9 81
44 58
61 68
74 75
2 18
50 63
24 29
89 98
75 77
49 76
26 41
60 92
30 32
18 48
65 96
21 40
97 99
58 90
79 92
33 100
17 71
32 78
96 97
30 76
52 58
22 43
18 86
99 100
57 87
38 99
45 91
14 23
55 96
52 81
44 48
75 81
82 90
81 90
40 69
23 87
49 66
2 17
61 81
61 82
46 91
95 100
7 30
37 59
90 96
54 74
61 82
41 71
7 47
91 96
48 57
61 83
40 61
18 57
10 29
62 91
20 57
40 87
37 84
10 62
46 72
3 74
30 52
28 86
26 77
64 95
98 100
96 97
36 59
16 35
97 98
81 85
35 50
28 38
4 81
16 79
1 51
45 96
26 60
95 99
16 75
15 72
53 78
38 78
83 99
48 57
48 76
58 100
82 94
27 49
64 70
92 99
66 100
39 92
13 21
61 80
84 92
62 63
59 85
57 72
59 97
76 90
65 71
87 94
87 94
13 56
55 71
42 67
86 91
51 77
38 92
99 100
72 96
40 45
49 87
81 98
77 93
71 89
38 66
28 83
10 69
72 83
2 71
22 23
45 50
55 67
35 87
51 94
57 62
87 94
35 57
2 47
85 97
13 63
42 91
93 100
43 68
2 92
10 76
49 94
56 63
38 87
17 52
8 55
51 70
54 79
19 90
64 82
67 91
92 94
35 82
61 98
15 100
3 94
71 77
5 40
68 74
93 97
86 92
26 67
97 98
1 13
84 98
77 100
37 80
7 42
59 72
64 65
87 95
91 97
64 84
23 25
65 71
27 98
27 35
21 73
79 89
95 99
99 100
7 35
47 53
67 91
42 93
99 100
60 94
92 95
47 92
2 50
67 96
49 82
10 49
65 83
7 95
16 46
19 59
80 98
83 90
89 95
94 98
18 34
63 99
36 88
67 100
96 99
24 57
84 86
88 98
92 100
32 44
50 53
77 99
81 97
64 67
2 90
13 70
34 92
61 91
66 76
52 59
23 40
23 94
65 96
99 100
94 95
36 59
94 97
98 100
57 94
44 49
41 75
77 100
18 74
56 78
33 54
18 54
54 83
86 88
31 65
66 82
25 80
37 45
55 76
88 92
11 90
12 65
53 100
53 82
3 57
81 83
97 100
60 62
27 72
70 80
34 44
94 96
93 99
85 96
48 99
36 81
5 76
89 94
93 99
89 93
79 91
8 28
33 70
63 96
31 37
64 89
34 65
77 96
71 90
68 85
99 100
17 80
63 99
36 37
27 28
19 77
98 99
36 60
15 19
92 98
21 22
91 92
1 65
88 97
90 98
8 58
42 44
90 93
69 86
41 63
27 70
58 65
69 70
5 28
33 93
3 94
10 57
11 100
13 20
88 95
37 46
55 92
19 64
99 100
64 66
31 97
78 87
12 61
60 69
85 93
88 99
25 67
67 87
19 35
57 96
22 66
61 91
4 98
84 85
72 74
49 94
67 87
74 100
64 89
2 73
87 97
86 90
82 96
25 79
39 42
34 81
19 53
71 99
74 84
1 2
23 53
83 87
43 81
15 36
88 98
79 100
47 91
46 99
78 81
73 91
34 85
49 96
89 95
36 100
25 43
41 51
44 99
88 95
88 89
14 31
37 79
42 80
44 46
91 97
3 27
61 64
2 71
19 94
32 53
80 96
49 79
83 92
20 70
43 73
67 79
91 94
51 62
95 98
83 92
61 74
28 77
98 100
70 75
68 100
30 85
90 97
72 80
22 24
16 93
86 88
75 79
78 94
55 68
7 44
13 14
99 100
13 66
52 64
8 35
34 85
48 64
14 61
57 58
54 66
79 85
15 57
47 98
15 19
57 83
99 100
9 70
59 76
96 97
51 74
12 31
59 76
38 43
55 87
98 99
90 98
47 89
87 92
48 90
49 69
49 58
60 85
83 85
7 30
8 24
82 92
16 81
98 100
34 76
77 93
26 40
48 66
35 45
21 43
79 93
41 77
9 80
32 80
84 99
16 62
56 87
92 96
89 92
16 99
54 58
6 95
4 100
58 82
49 50
89 98
76 79
56 89
97 99
19 62
94 98
67 80
38 71
86 94
33 99
81 98
4 97
23 46
31 83
56 63
75 92
32 52
9 23
75 88
61 63
83 98
28 72
54 61
31 71
30 52
85 90
79 88
70 79
71 79
40 45
88 89
83 100
40 77
79 86
82 83
30 39
47 59
36 67
77 85
1 86
48 50
18 56
1 98
27 30
52 61
97 100
13 28
32 55
69 88
30 49
74 96
19 37
92 100
2 9
49 93
94 97
25 28
34 57
46 57
29 63
29 52
7 71
93 98
60 77
34 81
29 98
56 80
27 50
61 77
45 67
89 91
45 99
2 88
76 97
26 63
19 36
21 31
4 79
6 36
93 100
6 97
87 95
44 85
37 99
53 97
19 55
27 32
69 81
83 98
17 83
58 88
23 85
8 95
58 74
34 46
41 45
19 43
46 56
60 81
17 38
27 37
12 56
1 85
69 73
31 36
66 68
73 91
48 93
30 93
75 90
73 82
94 99
63 89
78 84
40 45
20 61
3 55
45 87
61 71
29 33
66 76
67 79
10 46
92 95
84 100
94 98
25 37
35 58
91 95
96 97
26 77
79 81
58 70
74 99
64 94
21 79
70 97
96 97
14 57
32 83
32 84
88 97
3 19
23 39
13 26
47 53
69 82
21 26
32 84
90 100
77 93
96 100
82 94
66 96
44 94
31 60
88 93
67 96
27 59
5 80
97 98
6 52
33 69
45 47
22 50
22 29
76 80
97 99
4 83
24 91
65 86
35 48
31 55
70 97
30 54
11 65
75 86
86 100
87 92
44 52
82 85
25 57
49 61
45 51
92 94
49 83
54 100
79 87
96 100
76 92
51 93
58 70
34 76
40 56
14 39
91 97
32 58
92 96
90 97
49 100
66 90
56 95
96 98
76 99
79 96
96 97
43 92
47 75
24 77
46 52
1 77
47 67
45 89
56 64
3 21
99 100
3 67
94 100
84 94
30 63
36 71
74 95
62 94
59 65
50 58
21 92
49 92
50 99
55 69
76 83
3 88
72 100
41 89
51 64
25 84
22 72
80 88
92 97
79 83
65 69
78 92
17 64
64 91
31 67
58 80
52 57
13 51
30 81
75 81
39 93
29 86
24 50
86 100
64 88
72 82
17 64
39 69
18 32
68 94
99 100
7 80
12 51
65 92
18 23
62 79
16 33
19 84
89 91
86 88
36 54
27 30
52 58
13 66
46 51
86 90
52 95
14 49
24 79
3 14
63 74
18 89
63 96
29 75
56 66
74 99
94 98
42 44
93 94
49 54
52 64
55 65
68 70
51 85
87 90
77 90
81 86
16 72
8 24
99 100
46 69
2 63
54 88
22 67
45 91
49 69
27 98
20 100
15 95
52 89
38 91
49 55
70 78
89 96
1 97
80 93
66 99
79 94
68 88
83 85
97 98
77 80
93 100
38 89
38 62
6 89
42 80
89 94
12 78
33 63
34 91
33 45
8 23
78 84
22 100
52 94
27 34
55 97
8 38
73 81
73 75
63 80
7 64
76 84
74 80
99 100
34 49
26 42
46 54
28 68
36 47
61 89
91 93
68 72
61 67
1 95
36 59
33 85
66 79
98 100
8 67
1 51
55 85
39 49
41 90
19 31
65 92
55 77
35 63
56 69
81 89
3 71
32 78
86 87
94 96
58 71
49 76
8 86
93 100
59 93
38 49
98 99
98 100
85 90
84 86
21 28
27 51
72 90
43 90
51 56
96 98
58 100
18 36
51 81
76 81
84 96
64 71
76 92
61 65
18 86
53 59
23 24
92 97
12 55
45 78
16 50
14 43
20 37
18 92
22 64
65 96
24 70
35 36
18 28
9 75
22 88
39 61
81 89
9 22
34 43
89 98
26 95
23 69
66 76
39 68
70 100
56 57
90 93
45 65
53 75
37 95
77 78
21 92
77 87
37 55
59 81
17 28
88 89
31 51
37 97
54 93
4 90
78 89
13 73
78 80
67 71
68 97
77 81
64 76
47 99
78 98
18 88
52 78
69 100
83 86
73 76
21 52
90 99
99 100
24 90
99 100
5 61
66 92
22 34
21 76
89 92
61 77
50 100
4 15
94 100
58 86
32 47
80 88
59 69
19 31
70 71
59 73
71 78
27 99
18 30
23 66
62 92
55 73
4 16
63 69
50 52
68 76
78 91
61 89
96 100
68 97
4 7
94 95
30 64
79 97
86 94
89 98
83 94
59 92
40 91
9 58
77 85
59 81
83 85
71 93
50 92
18 64
89 97
22 43
8 89
87 92
56 59
23 60
26 30
9 33
25 81
1 4
81 96
14 91
31 90
7 51
24 94
67 94
99 100
46 54
85 96
50 99
62 87
13 99
29 75
75 84
35 58
85 88
25 43
49 50
14 54
49 87
83 88
57 62
14 18
55 61
8 16
1 37
52 96
29 52
84 90
61 87
59 71
93 96
30 45
13 42
32 49
58 91
56 95
55 74
27 98
23 100
73 91
5 58
82 83
27 50
47 86
6 54
92 96
40 60
79 95
90 91
97 99
86 100
22 52
69 96
38 52
4 42
45 100
66 81
21 94
47 90
33 57
81 97
40 54
23 64
12 27
2 56
31 41
63 94
25 45
40 61
57 83
40 91
45 68
21 95
38 65
17 24
13 71
94 96
17 85
26 100
29 78
97 100
61 97
7 85
70 78
39 90
4 35
58 76
52 89
38 95
21 79
41 51
20 21
88 91
47 90
17 94
90 92
68 98
27 57
19 46
19 38
78 84
8 66
66 100
5 82
24 44
63 95
18 23
46 58
39 69
64 97
49 73
16 39
35 97
77 97
84 87
90 98
97 98
6 93
61 66
3 23
17 57
68 98
22 44
41 94
55 78
14 91
56 84
82 90
54 93
71 81
74 75
68 91
77 85
48 64
20 50
5 72
90 96
47 58
17 51
17 90
81 83
43 81
61 98
30 93
17 82
73 75
42 49
90 98
28 55
88 95
5 69
28 71
53 55
24 40
49 88
43 71
98 99
17 54
69 97
54 97
46 55
62 92
28 48
59 61
95 99
94 95
64 90
47 64
47 69
28 44
49 85
49 74
19 80
6 28
69 72
13 41
5 15
23 38
53 83
31 100
61 75
44 83
30 37
3 19
49 63
98 99
33 95
23 88
90 91
91 93
36 48
20 74
83 87
49 76
26 58
26 90
40 95
19 45
18 61
87 95
70 72
89 94
1 56
14 59
95 96
61 88
28 61
51 97
14 63
49 79
40 71
20 37
82 96
16 55
30 31
58 86
56 82
58 62
36 73
27 91
52 69
17 86
86 91
44 63
57 87
34 41
70 73
51 64
70 93
37 90
48 97
28 44
85 89
72 96
8 88
31 48
8 99
65 96
40 52
90 94
9 17
29 56
77 81
16 32
23 48
97 98
45 80
70 94
74 90
12 21
67 74
53 73
50 93
25 66
99 100
44 89
2 42
65 67
7 78
70 95
91 100
20 68
73 94
19 49
70 72
62 100
54 79
76 82
98 100
23 25
61 80
18 60
3 64
86 93
87 99
30 41
64 82
34 61
69 100
67 70
56 80
22 26
87 92
46 80
8 15
95 99
4 85
84 85
10 85
43 96
33 39
69 71
63 77
82 84
58 59
65 94
50 53
96 98
76 99
67 90
65 69
89 94
94 100
75 80
60 70
95 100
43 96
21 73
42 58
17 51
44 88
27 51
4 81
3 67
10 40
4 44
94 98
61 78
81 92
79 84
20 55
16 53
98 99
78 85
90 93
96 99
20 74
21 38
3 51
63 73
61 77
77 100
51 85
73 76
96 98
51 95
93 97
83 87
67 72
95 96
35 45
91 99
60 83
77 84
67 70
15 53
92 98
72 77
29 80
2 22
58 87
97 100
19 58
85 89
2 95
84 98
34 84
79 91
26 37
86 89
52 59
99 100
44 72
29 59
53 91
28 57
70 94
88 100
68 77
22 56
36 92
15 92
79 88
51 66
60 78
97 98
48 66
71 100
46 99
49 71
83 91
47 87
17 74
51 89
47 71
2 59
90 95
21 100
99 100
2 31
93 96
17 78
77 78
92 93
12 20
92 93
14 88
61 94
71 77
75 93
96 97
39 46
70 78
88 96
55 76
38 81
38 57
14 74
98 99
34 76
34 50
79 96
75 96
82 85
86 96
8 91
92 97
62 94
62 80
71 86
44 53
77 93
89 96
14 45
3 71
79 94
96 97
91 97
31 63
29 37
2 26
54 69
44 81
8 95
43 95
76 82
96 99
47 81
33 68
4 66
18 55
17 51
64 96
63 81
77 86
35 47
44 89
81 87
94 98
18 41
66 86
71 75
77 95
79 92
32 86
31 58
6 71
47 89
87 91
94 97
48 54
37 57
20 27
15 88
24 63
51 100
77 91
84 99
85 94
21 96
38 51
97 100
59 67
79 91
98 99
43 56
10 90
86 88
21 28
38 87
43 53
70 78
2 45
4 74
56 81
24 38
86 100
70 93
12 83
34 47
18 77
26 30
61 87
41 52
27 95
96 98
99 100
48 67
49 67
74 99
55 91
53 88
96 98
72 87
24 80
37 82
49 97
17 86
40 77
69 72
97 98
92 94
75 97
67 68
15 34
4 76
87 94
80 87
70 88
85 93
97 99
27 74
76 88
55 77
16 27
48 58
78 87
91 94
85 97
20 40
78 82
55 59
87 90
88 93
96 100
54 77
64 66
49 69
73 84
34 43
91 94
64 75
1 56
13 69
81 85
8 58
5 74
55 56
29 81
68 99
50 96
79 85
91 93
62 65
95 100
7 23
5 89
13 98
79 93
38 47
45 57
43 90
40 72
86 98
16 67
19 26
84 87
24 61
79 95
30 84
84 100
87 88
31 91
1 83
13 39
11 47
98 100
44 97
19 51
91 99
87 93
53 65
44 46
6 28
66 97
29 78
64 66
50 60
75 99
42 59
84 100
30 98
92 95
42 74
58 76
75 99
22 60
88 100
51 83
7 13
22 51
41 76
43 47
27 66
80 98
62 71
61 62
54 67
17 70
74 89
57 82
98 99
23 44
57 95
17 31
66 84
50 90
62 92
16 22
8 13
22 92
92 97
97 98
4 33
92 99
90 99
3 33
82 85
38 76
92 94
37 78
82 97
92 99
95 100
59 83
46 85
10 99
77 89
26 38
57 85
75 79
49 53
66 71
9 60
42 51
46 49
88 93
14 91
21 80
51 58
36 40
52 81
89 98
68 85
72 84
52 66
57 92
16 65
1 82
18 50
49 50
72 92
36 40
77 94
43 65
54 68
93 99
93 94
40 62
28 44
38 91
85 95
62 80
68 73
45 96
7 9
3 72
40 56
25 50
51 80
3 23
33 46
63 64
3 24
74 81
28 96
14 92
15 87
51 56
90 92
23 99
38 60
84 90
22 82
87 96
71 95
75 86
30 55
58 100
66 72
40 58
46 57
74 92
56 97
16 27
80 98
43 77
28 60
11 43
7 17
42 46
33 76
72 82
94 96
80 84
33 86
20 84
75 88
78 97
83 84
87 99
41 64
94 100
54 67
30 48
85 86
86 92
90 98
40 94
86 91
13 75
10 70
29 47
13 88
67 99
32 67
28 38
86 96
55 58
54 93
25 44
65 93
7 79
60 73
57 94
73 92
24 30
64 76
21 27
68 99
68 96
96 99
32 92
41 67
86 98
25 80
16 59
56 59
72 96
15 64
39 54
33 87
67 70
22 83
80 90
58 66
93 95
30 74
34 95
36 73
33 90
22 99
53 94
83 96
38 65
86 91
33 71
55 92
79 90
68 96
25 62
11 39
39 87
46 78
97 100
15 34
24 59
61 75
26 54
77 92
40 72
69 99
23 59
35 67
83 93
48 67
11 56
63 91
83 100
15 66
25 33
29 96
73 89
15 53
53 83
81 84
1 14
17 92
26 89
80 88
84 97
66 71
26 76
61 70
94 98
71 92
48 94
39 60
78 94
19 73
91 93
44 76
29 45
36 85
93 96
5 35
73 94
86 93
92 99
60 65
19 79
4 72
37 69
15 35
24 28
66 100
32 92
26 58
14 22
99 100
12 85
33 41
23 44
30 62
68 83
24 47
89 92
64 77
96 99
36 97
75 99
10 64
97 100
97 100
32 80
39 55
2 93
1 100
94 98
81 89
44 53
29 80
25 37
60 95
62 94
93 95
84 88
60 96
48 94
37 84
42 95
42 94
19 69
53 68
31 55
81 100
47 66
56 81
29 59
63 80
8 29
83 97
85 98
90 93
74 85
32 53
89 99
57 95
50 87
40 48
60 93
32 86
37 38
1 8
84 87
1 88
38 65
15 88
2 98
32 77
8 77
81 88
4 81
94 99
21 89
26 35
93 97
92 100
9 79
63 86
66 78
60 69
95 96
4 26
35 87
74 80
6 80
91 100
97 99
20 58
89 93
81 87
30 68
84 93
90 93
56 59
27 34
89 97
54 67
78 93
75 91
65 88
68 73
79 98
66 85
60 89
47 62
89 92
48 50
85 91
47 53
1 26
7 36
94 96
24 97
73 76
95 96
17 57
24 57
70 73
94 95
4 88
22 67
40 54
15 90
34 84
75 92
28 56
30 39
42 75
48 86
34 44
52 97
94 97
39 85
99 100
46 85
94 96
72 99
31 48
79 89
29 40
9 73
76 88
5 40
58 68
6 98
17 70
88 97
29 42
13 91
11 94
73 84
37 77
95 97
75 79
76 91
29 68
12 43
95 96
24 99
26 92
10 84
83 97
31 76
3 71
77 93
59 61
11 47
97 100
23 49
89 94
24 57
48 69
86 92
45 90
65 96
89 91
7 32
8 22
90 93
67 95
3 10
7 39
77 79
98 99
16 89
2 64
24 95
65 94
69 83
90 99
88 92
54 63
77 94
73 86
60 85
26 42
90 97
27 56
75 92
23 36
74 90
49 87
65 88
13 89
28 64
13 62
41 45
81 90
39 70
71 91
22 93
45 63
78 87
2 12
95 100
14 49
32 71
80 83
20 85
88 91
67 96
95 99
53 69
93 100
40 79
5 38
38 61
48 67
37 45
23 38
10 57
73 84
55 68
50 84
42 100
45 61
27 32
36 40
39 67
72 92
66 81
83 93
58 77
19 75
71 81
90 94
73 89
63 67
46 99
24 67
72 95
97 99
77 98
39 93
97 100
59 72
37 75
28 42
14 52
1 72
22 66
15 31
29 96
3 53
41 58
77 96
37 86
18 87
29 38
20 25
12 41
54 71
4 38
67 91
21 73
98 100
63 80
15 51
1 33
73 80
9 36
94 99
45 62
38 60
20 45
3 8
50 92
16 34
57 100
43 44
83 100
71 86
5 50
20 44
99 100
14 100
57 100
69 85
89 90
51 63
28 61
21 35
64 66
65 80
15 87
99 100
85 87
42 87
88 92
68 83
20 62
24 95
22 49
6 57
47 52
7 48
63 80
18 73
91 97
79 85
37 79
98 100
96 100
91 92
92 93
8 26
40 73
59 80
79 94
14 51
82 94
17 64
70 99
46 73
52 69
97 98
14 38
4 95
72 80
61 98
29 97
96 97
23 42
40 47
37 59
18 47
40 55
50 88
29 32
67 80
51 77
17 49
69 76
94 97
51 59
47 54
43 93
98 99
18 56
42 73
37 91
47 96
53 72
37 62
51 99
50 86
78 82
92 96
63 70
55 87
57 92
12 54
18 84
90 99
52 61
1 50
55 63
45 96
34 89
64 78
86 89
79 94
8 36
41 61
90 97
81 91
95 100
72 94
65 98
58 97
47 88
14 20
4 32
58 95
84 90
83 88
16 77
41 67
98 100
38 91
78 98
78 93
61 82
7 96
36 82
95 100
1 38
36 70
28 59
47 55
90 96
97 98
55 67
36 95
91 98
19 72
89 91
60 62
29 60
51 63
15 20
7 11
97 100
80 97
7 28
81 84
16 95
77 90
57 85
72 99
15 59
76 100
22 31
49 97
59 78
2 35
18 75
5 48
8 53
21 84
56 97
39 97
18 49
46 49
8 37
68 92
82 97
66 87
7 29
78 86
97 98
17 84
1 24
12 18
85 86
91 94
24 57
8 99
32 38
91 92
24 62
52 96
86 90
97 98
9 67
89 93
74 96
9 30
46 50
61 79
67 78
85 99
92 93
82 93
79 90
55 64
61 87
59 69
8 49
46 89
29 42
36 60
2 91
54 68
78 94
93 95
76 99
52 96
79 94
71 85
67 82
45 49
9 29
35 46
13 44
42 83
2 27
77 79
78 98
85 95
52 71
59 95
21 53
6 53
36 66
89 96
85 95
24 74
87 91
36 67
50 98
76 83
96 98
83 97
87 96
96 100
58 64
19 95
88 93
16 54
50 85
61 79
9 68
14 51
57 81
27 87
52 95
99 100
16 50
35 39
95 96
41 83
20 30
42 43
59 66
11 27
41 100
22 38
96 97
95 100
8 16
83 88
36 61
22 72
97 100
22 81
54 55
30 100
95 98
7 81
90 92
83 95
63 66
15 49
91 96
15 81
64 97
86 99
5 16
12 90
14 22
40 73
99 100
35 95
80 95
3 57
26 65
79 81
8 79
91 94
23 58
70 83
88 100
31 33
46 73
97 99
71 94
98 100
51 85
86 93
99 100
26 85
96 100
9 22
95 98
17 85
3 50
23 46
75 84
17 19
31 32
67 80
11 24
16 25
14 68
76 92
17 64
85 95
14 96
37 72
85 94
62 93
26 67
93 96
53 91
58 61
11 68
69 90
7 28
16 83
74 75
52 99
28 69
95 96
75 99
94 95
70 87
9 23
75 91
59 65
85 86
75 79
30 77
10 27
69 86
36 40
10 81
25 35
62 99
83 95
63 92
65 89
78 94
45 66
16 23
60 93
71 80
98 100
10 83
52 58
43 64
22 36
74 97
61 87
86 88
83 94
43 71
93 95
68 82
74 76
97 98
94 100
41 57
68 76
59 62
25 28
5 69
27 47
12 72
89 94
99 100
41 75
65 88
87 97
36 97
4 76
53 83
20 71
61 88
32 62
71 82
13 69
67 94
17 49
48 91
96 97
35 40
8 88
67 71
10 51
12 23
53 78
4 42
51 52
34 51
51 70
21 50
57 68
78 81
62 76
93 98
29 82
61 71
50 67
65 70
84 92
61 63
49 73
50 61
67 97
94 96
90 91
74 78
64 89
21 83
49 62
44 89
92 95
80 89
39 57
63 87
95 100
80 86
31 88
80 91
1 99
13 14
29 85
73 86
95 96
8 57
68 77
78 99
52 95
29 94
55 74
51 63
84 87
4 7
44 71
65 84
49 56
91 95
53 66
49 69
74 75
90 96
23 92
61 70
33 38
78 94
92 97
1 11
54 64
98 99
46 66
62 89
65 87
70 77
60 80
17 66
80 93
53 63
20 78
39 65
19 87
36 98
50 87
68 97
64 98
66 94
1 65
12 51
62 78
22 95
53 80
75 98
56 93
16 93
82 87
46 64
52 69
40 56
40 81
95 100
37 95
43 76
84 98
37 68
16 58
53 97
49 54
9 21
2 39
32 42
40 85
97 98
39 52
65 90
79 88
7 100
51 90
99 100
82 100
48 59
55 86
6 87
70 89
82 100
77 84
87 91
32 74
98 99
37 89
21 99
97 99
14 47
49 50
41 79
85 86
39 79
74 75
56 66
52 89
51 73
2 5
5 81
5 86
30 87
70 79
49 98
34 94
10 39
25 59
6 9
98 99
86 91
23 47
14 37
37 81
50 82
52 58
40 97
18 90
64 89
18 96
28 69
36 41
73 83
42 55
67 99
35 66
53 55
12 78
23 96
76 93
2 5
68 93
86 93
38 56
57 84
22 36
69 75
59 95
67 98
13 82
35 44
15 49
86 89
12 94
65 86
32 36
8 29
46 51
67 71
42 58
45 50
80 86
20 35
71 90
42 71
18 87
50 86
70 86
17 36
51 95
50 83
75 83
61 88
43 90
42 62
16 75
53 88
54 79
60 78
49 99
24 70
92 97
88 94
43 46
60 91
20 87
30 76
88 95
35 93
76 83
6 18
54 95
88 92
60 96
6 38
74 98
35 91
33 91
64 71
79 85
16 79
63 68
83 99
58 96
87 89
18 48
84 94
62 88
42 47
76 88
3 42
45 94
71 94
92 96
20 23
43 73
67 92
91 97
29 54
85 100
61 75
5 90
43 62
53 60
89 100
40 96
39 65
63 69
19 42
85 95
37 64
99 100
84 85
70 85
17 84
79 96
82 100
32 41
77 79
51 94
94 95
47 99
31 87
43 87
49 77
88 95
29 95
29 87
19 54
26 90
32 92
56 74
65 93
50 94
20 24
89 91
1 16
53 71
31 66
6 87
14 53
34 67
44 80
18 26
10 60
44 86
94 95
45 59
3 12
74 92
36 61
10 79
36 53
74 88
27 47
85 93
51 60
12 88
66 67
63 85
76 98
68 85
59 70
80 82
76 79
76 83
25 41
63 73
17 66
85 97
39 74
20 31
83 91
76 100
13 29
71 79
27 65
5 13
14 37
11 64
51 89
86 100
22 61
12 29
40 63
19 91
23 39
64 86
19 80
38 63
34 80
57 70
49 82
17 30
80 89
90 91
75 93
98 100
96 99
24 55
88 93
69 91
68 72
76 84
46 52
67 94
18 83
48 88
22 84
26 39
18 35
83 97
83 96
60 99
51 86
80 90
29 51
90 97
1 79
26 96
44 62
95 97
84 96
75 99
99 100
17 19
17 64
65 79
90 99
83 100
24 83
70 86
13 34
91 96
79 100
91 98
70 91
11 90
86 94
83 100
29 57
28 96
4 90
19 66
2 46
35 60
86 99
92 95
75 87
46 89
95 100
63 86
69 74
63 67
18 70
27 57
37 88
63 96
38 76
37 77
3 15
45 76
46 99
54 66
39 72
84 85
77 91
36 92
70 89
58 61
97 99
67 91
36 88
83 96
14 80
23 46
64 99
1 68
42 67
72 99
5 29
96 99
87 92
19 60
86 93
67 72
84 100
76 86
23 71
8 27
62 91
87 100
41 83
49 97
51 64
73 79
63 93
32 61
21 69
26 84
15 35
14 81
73 74
35 59
78 84
14 45
46 92
52 60
73 89
97 98
81 93
94 97
87 91
1 37
11 67
86 95
38 61
86 89
88 98
35 61
67 81
42 87
62 69
47 89
84 87
11 81
78 85
79 85
36 90
70 80
19 64
32 58
21 80
30 53
92 100
75 90
41 61
89 94
44 56
12 56
83 98
17 58
19 94
84 85
49 96
68 86
47 86
10 17
15 97
50 96
79 84
66 92
32 86
16 75
58 85
96 100
62 89
97 98
16 97
70 81
53 58
81 87
28 49
71 83
54 88
10 25
80 94
25 34
60 96
34 47
5 95
58 71
97 99
99 100
18 96
15 80
60 69
57 79
29 37
82 100
59 68
34 46
59 93
80 93
27 66
24 29
18 85
66 71
54 90
23 57
5 10
97 100
66 80
1 61
54 85
15 93
33 87
6 37
15 89
70 89
21 73
19 33
69 81
98 100
74 84
34 41
92 93
13 36
48 96
76 82
40 93
49 99
64 79
66 91
79 95
42 44
12 60
15 30
63 86
40 85
89 90
52 74
32 54
60 83
70 100
11 80
57 87
77 81
24 48
20 74
21 74
50 91
60 99
65 71
37 40
86 90
15 19
62 91
7 52
52 92
83 96
86 93
12 40
1 35
70 96
27 97
40 78
61 90
1 88
83 85
64 70
45 89
48 74
3 96
37 83
9 53
16 63
47 68
44 72
29 30
44 51
8 31
74 87
50 61
61 100
43 88
51 81
30 49
75 91
75 89
75 94
58 82
88 90
96 99
28 29
82 83
70 73
42 58
94 96
2 90
51 80
77 81
40 42
67 88
60 94
38 97
9 61
40 42
1 21
94 99
71 85
90 94
59 73
69 87
4 33
10 66
63 78
77 95
7 58
86 91
57 100
12 44
60 93
6 52
38 69
65 94
20 88
89 92
7 58
89 100
42 46
75 84
75 83
93 97
61 74
32 35
4 56
74 91
86 98
9 64
71 98
86 88
48 73
28 88
88 99
59 82
83 88
15 65
50 71
38 53
48 51
58 67
20 45
63 77
76 82
19 63
55 75
2 29
70 83
62 93
69 88
98 100
36 70
45 57
34 71
78 99
48 59
24 42
10 72
76 84
57 91
11 93
28 74
7 91
32 71
60 85
97 99
81 93
41 97
2 50
57 96
45 51
73 81
4 24
64 77
69 81
87 92
72 82
13 84
64 77
13 97
96 99
3 51
45 53
77 78
24 39
38 71
29 92
70 89
74 91
57 58
59 96
61 93
97 99
18 22
90 99
29 56
56 73
4 55
86 87
53 63
60 71
71 86
74 92
24 71
28 54
46 86
22 39
8 57
91 93
35 76
64 100
30 76
34 81
98 99
60 99
16 51
71 75
46 56
90 96
49 90
63 70
74 90
90 97
87 88
68 71
40 44
21 79
98 99
35 74
73 87
79 91
44 57
26 84
28 35
44 100
97 98
88 95
68 80
59 67
1 89
51 83
93 95
59 60
54 61
70 78
96 100
19 98
54 80
2 41
71 89
60 79
54 61
22 96
42 95
83 94
75 87
73 95
41 45
33 77
48 97
64 72
24 85
11 65
92 98
86 96
13 22
27 42
38 46
89 91
88 100
74 97
78 96
76 85
13 63
58 74
67 69
48 81
91 94
49 63
43 69
77 84
73 87
86 91
5 74
30 32
89 90
5 98
12 86
12 45
21 45
10 55
34 72
63 69
22 33
85 88
24 48
79 94
60 74
44 57
41 95
88 92
9 56
6 85
10 54
41 43
66 86
21 94
3 44
60 91
24 53
32 35
85 92
10 86
64 71
64 87
71 98
21 44
95 96
69 80
39 49
35 80
28 93
85 96
64 68
99 100
86 87
56 59
14 46
92 98
58 77
69 90
52 66
91 100
84 87
44 97
3 6
71 77
75 79
57 79
43 76
51 71
86 97
90 99
31 44
62 71
4 57
41 83
74 84
74 86
90 91
42 78
41 52
41 70
59 64
46 61
97 100
92 100
82 94
26 29
90 93
62 63
41 43
22 37
64 67
53 73
18 68
31 62
26 81
42 88
16 83
26 35
21 79
13 72
20 83
7 88
81 86
46 68
2 52
13 46
83 86
22 42
54 63
40 82
61 85
80 93
64 100
25 29
40 73
11 77
27 71
46 95
28 67
75 76
96 98
74 80
26 77
81 92
67 100
56 85
90 98
75 93
9 28
35 61
18 84
90 97
17 87
8 37
87 95
24 58
21 97
27 60
20 86
44 93
15 46
28 100
86 99
52 89
39 93
5 30
50 73
72 83
87 93
21 29
55 94
70 83
56 63
48 94
30 71
30 98
35 57
60 88
60 87
49 76
29 97
44 49
68 95
78 92
20 38
70 91
53 89
8 69
69 95
78 100
53 92
72 78
53 67
20 96
55 82
9 53
34 75
22 40
37 39
46 73
80 91
4 25
45 52
35 48
10 88
16 54
22 51
7 44
75 99
32 82
50 67
85 88
98 99
64 66
53 66
19 35
21 79
23 58
27 40
61 80
11 33
17 94
3 68
86 92
97 98
82 96
57 100
46 94
47 85
59 91
54 89
51 94
74 89
95 100
27 58
5 85
90 100
97 99
96 99
69 93
93 97
14 71
24 88
62 71
91 96
53 61
7 65
5 61
61 94
43 50
12 46
94 99
53 55
37 92
39 87
20 61
29 93
31 48
30 64
17 37
27 94
51 82
13 98
54 87
84 92
51 55
77 92
68 76
85 91
67 84
99 100
19 94
44 94
95 96
94 98
2 76
31 50
19 41
10 48
81 87
33 75
60 84
58 92
71 74
60 95
85 88
83 91
53 63
74 98
31 80
65 70
20 64
69 79
81 96
70 72
76 87
79 95
73 81
21 94
62 81
32 41
45 92
26 87
16 96
32 73
19 59
28 86
80 99
89 93
22 69
96 98
41 63
79 98
51 60
67 76
5 54
41 77
59 78
4 73
16 32
16 28
97 100
99 100
5 85
25 55
84 89
32 44
84 99
74 95
14 55
35 94
74 85
12 84
2 12
21 33
65 97
10 81
70 99
35 87
22 38
90 95
72 79
49 93
28 64
90 98
44 100
92 99
55 67
56 82
6 82
22 53
89 98
81 83
96 100
22 31
71 90
90 96
46 84
57 63
97 99
37 82
77 84
45 57
42 50
64 69
61 74
79 94
22 79
83 86
94 98
82 87
2 91
9 87
28 80
99 100
34 44
10 100
15 93
34 88
36 52
16 80
20 91
6 11
5 60
52 98
44 88
71 83
70 81
16 26
97 98
53 62
84 87
85 87
16 90
30 64
52 90
72 75
93 94
47 94
91 92
8 29
80 91
82 98
44 95
66 94
97 100
31 53
6 22
28 93
95 100
41 49
10 92
81 88
50 98
79 96
45 60
55 97
4 35
38 52
99 100
97 98
26 88
77 91
63 65
85 95
31 84
12 45
42 83
74 82
21 31
18 23
33 48
86 91
69 76
98 100
25 51
35 54
42 91
76 82
33 71
88 97
60 94
18 41
87 93
64 70
93 97
10 80
39 85
72 98
92 98
58 63
12 44
86 93
63 66
39 90
3 45
54 72
78 99
70 76
98 100
54 57
15 41
38 40
50 70
73 86
49 65
46 48
66 95
41 92
69 81
18 98
63 64
82 100
39 100
15 89
34 65
25 57
93 96
18 99
68 97
32 88
74 76
24 87
4 36
77 99
95 96
93 97
21 77
59 69
59 95
31 37
60 68
48 84
97 98
1 72
98 99
74 84
62 98
88 93
47 76
55 66
39 50
86 91
87 90
52 97
10 57
33 51
58 65
73 79
51 75
73 84
63 95
14 61
66 95
71 96
28 75
21 37
55 98
49 88
86 99
16 92
26 40
69 73
15 90
41 76
40 44
54 59
87 92
43 75
98 99
39 41
88 100
2 96
59 86
68 75
50 52
89 100
99 100
24 78
25 36
72 77
11 77
96 97
7 64
46 69
33 71
90 92
81 88
14 97
27 91
64 80
19 29
93 99
82 97
14 63
96 98
71 96
64 92
91 96
68 100
85 96
98 99
62 97
67 69
54 98
90 99
93 100
44 80
36 98
85 93
89 99
45 86
29 35
68 84
59 99
28 81
10 27
88 93
21 87
17 37
6 8
45 68
46 56
86 88
8 98
81 93
39 65
95 100
22 97
43 46
58 81
51 70
53 57
53 75
71 99
9 86
35 90
42 87
45 83
14 61
84 89
98 100
80 85
82 97
7 20
71 80
80 85
10 70
34 36
2 52
50 68
32 57
94 98
93 96
50 60
7 16
26 57
26 47
71 93
48 100
30 66
95 97
49 67
90 97
53 55
3 5
30 64
85 91
18 77
72 88
56 84
52 65
76 96
14 23
98 100
47 73
18 96
17 49
28 48
83 92
98 100
84 86
18 84
77 92
27 77
8 100
87 88
49 74
64 94
69 79
87 98
42 75
80 96
95 96
11 24
91 95
40 91
37 92
53 75
24 32
26 99
90 93
9 39
4 84
4 81
60 75
95 100
5 55
18 42
51 67
25 50
27 82
33 72
5 23
13 91
52 77
4 79
70 76
15 56
32 34
91 100
14 24
14 40
15 72
11 49
63 75
36 37
12 92
17 32
95 99
5 16
98 100
33 69
56 89
36 85
61 92
9 64
16 69
70 97
64 81
23 60
71 96
41 43
73 86
16 19
77 99
72 95
8 16
71 96
16 32
38 52
25 87
23 62
12 73
28 41
53 66
4 63
72 97
71 79
56 76
38 70
71 91
96 100
34 86
61 74
78 98
21 52
68 89
83 92
8 30
77 98
89 94
90 93
24 37
94 98
5 63
77 86
65 92
88 100
42 68
29 96
30 65
17 49
44 97
26 98
68 84
54 57
93 94
98 99
42 60
12 44
80 87
10 20
4 17
94 95
6 86
84 98
17 54
94 96
18 44
69 83
16 54
18 72
92 96
32 94
5 88
58 71
51 61
97 100
87 96
97 100
7 98
24 91
44 77
57 60
60 98
18 29
34 58
69 93
25 51
78 82
45 47
3 35
92 94
84 98
82 95
13 52
37 71
26 85
79 100
41 73
53 76
59 80
65 71
41 75
36 77
8 95
61 98
49 55
92 97
4 42
9 40
89 94
99 100
55 67
45 78
17 20
90 100
66 84
13 42
1 76
82 84
78 92
5 44
37 53
47 54
68 77
48 65
14 93
5 8
59 93
26 83
91 100
70 90
94 95
36 41
50 73
32 41
31 90
90 92
40 92
61 98
77 78
42 82
3 10
71 90
70 88
65 77
5 85
4 34
86 94
58 61
24 51
57 97
87 90
90 94
64 93
50 51
15 21
91 92
11 49
32 37
8 35
66 91
31 85
11 12
67 85
56 87
94 95
42 71
60 66
38 41
49 83
39 54
48 79
56 79
26 52
23 87
69 82
89 91
78 88
20 24
47 82
72 91
65 100
82 99
39 67
25 74
75 90
59 88
29 35
53 62
70 84
93 98
43 99
58 68
89 98
68 71
20 35
3 91
77 100
80 95
6 83
2 93
49 87
54 81
94 99
63 69
98 99
3 35
98 100
52 85
44 52
6 34
64 85
8 66
3 41
47 93
21 66
79 89
18 92
78 81
64 93
24 41
4 17
16 54
89 95
13 41
51 67
87 99
43 85
3 38
49 84
8 33
30 58
28 81
58 72
91 100
46 98
31 93
10 15
11 87
57 67
38 43
59 73
80 95
5 59
67 69
60 67
90 97
65 79
76 82
84 94
64 92
28 61
42 62
76 100
72 87
22 30
87 94
49 74
61 92
80 94
37 71
13 64
36 66
42 74
13 63
46 97
79 98
83 97
73 93
96 98
96 100
91 94
79 97
34 40
13 40
87 89
5 13
16 98
95 100
61 98
86 94
24 49
24 26
70 90
1 95
1 57
88 95
60 71
92 100
63 99
32 65
23 75
30 95
18 82
29 43
5 88
3 77
33 64
98 99
34 70
57 89
51 77
61 77
4 65
62 98
23 96
21 53
76 80
24 62
95 99
4 22
42 62
32 66
28 56
13 82
99 100
39 75
43 56
38 41
80 87
86 88
29 48
94 98
14 52
62 82
65 73
98 100
28 85
96 97
90 94
82 98
79 97
97 99
10 62
53 66
37 56
20 34
35 100
74 86
89 100
76 78
76 87
99 100
96 97
84 98
42 86
36 80
67 86
47 61
15 71
47 89
5 11
78 100
28 61
91 100
44 70
60 79
10 68
6 97
70 97
39 45
38 40
11 15
48 77
59 97
61 81
72 82
93 98
36 45
30 33
89 96
96 99
65 86
82 85
22 29
56 73
64 70
64 80
51 72
81 98
65 94
81 99
89 96
6 79
28 45
93 99
19 96
54 81
3 48
48 63
64 91
45 94
27 60
45 53
14 97
19 96
58 78
45 69
69 92
22 69
47 81
11 16
38 43
11 78
43 63
91 96
57 89
11 92
46 58
37 99
63 77
92 95
86 89
55 96
91 96
8 39
44 49
7 20
18 58
40 58
17 56
34 49
36 77
13 67
7 26
32 40
74 92
23 25
60 99
49 53
44 81
17 28
34 61
39 58
36 50
2 24
14 91
31 86
44 78
93 98
50 96
56 57
29 84
9 75
47 52
2 38
26 53
84 92
86 90
1 86
82 94
40 93
81 100
69 74
33 47
82 93
76 94
69 81
21 32
38 66
78 99
15 55
45 88
29 49
33 61
21 61
53 61
84 93
29 44
75 100
68 94
90 95
47 85
66 95
53 77
81 83
41 75
33 41
19 40
57 74
64 79
60 68
56 57
48 74
25 74
6 65
18 99
17 94
81 88
77 84
38 87
94 97
81 98
30 76
73 100
56 64
29 99
13 21
7 88
27 100
92 94
52 75
67 70
40 83
59 97
63 79
93 96
18 25
7 95
15 60
45 68
1 66
35 58
14 58
33 75
5 30
23 77
43 76
4 48
26 100
18 88
26 32
54 74
73 95
82 91
32 53
78 98
46 80
53 66
25 86
67 68
46 69
58 80
38 67
29 89
25 50
58 73
92 95
55 75
70 82
36 88
59 80
29 95
37 85
11 39
47 90
56 78
3 5
6 58
33 47
51 69
69 82
35 55
34 97
50 100
2 39
49 86
11 41
60 63
98 99
93 94
14 88
51 92
9 55
28 96
58 69
90 92
80 85
66 77
49 70
94 95
44 65
66 72
33 75
45 74
41 87
48 90
92 96
19 76
84 89
48 49
77 96
74 76
59 95
28 31
73 96
58 87
60 78
94 100
6 81
67 92
61 78
80 90
86 90
30 61
33 42
53 61
89 100
39 86
94 96
55 71
76 88
18 36
93 99
91 99
46 99
19 66
35 36
57 67
32 90
66 71
42 57
82 98
27 95
33 99
57 73
42 49
63 74
60 79
77 94
84 88
5 89
1 68
30 46
1 56
99 100
20 53
84 97
39 69
59 90
13 34
3 76
45 95
71 98
80 100
25 92
52 62
65 98
25 40
92 100
96 97
97 98
89 91
17 49
83 86
84 87
42 71
72 90
77 93
74 99
84 92
33 94
36 58
47 48
10 41
56 85
88 92
63 73
87 94
81 90
37 67
42 86
97 99
89 90
9 95
78 84
88 93
88 89
36 50
3 65
86 93
36 50
77 100
72 87
34 58
1 22
81 94
1 9
63 95
65 72
76 98
26 79
15 65
58 63
13 54
22 32
95 98
36 59
26 94
33 49
57 70
88 94
52 99
65 87
32 39
91 100
69 90
93 95
99 100
93 97
84 88
24 47
82 88
40 57
57 87
90 97
93 97
37 79
51 91
75 90
8 19
47 65
39 63
89 98
82 95
31 82
31 79
67 68
7 42
19 68
49 61
20 52
91 92
25 94
35 69
6 69
2 33
93 98
95 100
59 70
17 39
91 94
89 94
42 77
33 72
27 76
45 88
32 33
9 83
16 55
23 85
61 80
38 97
78 90
10 50
83 97
65 90
80 94
57 89
72 98
42 58
3 89
43 82
76 82
13 33
56 80
89 99
89 95
46 84
33 56
12 76
74 83
98 100
88 97
89 98
20 95
16 29
70 73
1 88
31 35
77 90
79 82
73 79
61 87
67 70
71 82
88 94
78 87
96 99
87 99
5 77
77 100
52 69
36 78
38 57
13 76
87 94
2 97
69 97
90 98
51 91
94 98
87 96
80 89
50 92
37 71
75 85
73 89
55 67
92 94
33 45
70 93
40 70
21 97
33 45
24 57
58 66
85 91
19 36
96 97
57 61
80 92
40 86
69 90
39 60
17 53
22 43
87 97
37 90
26 91
76 82
39 82
54 61
14 64
46 96
76 89
28 43
43 74
88 98
63 80
26 44
68 90
2 8
82 95
90 99
82 99
76 100
52 55
21 65
31 42
97 100
5 10
79 91
40 47
78 81
87 93
49 70
92 94
28 59
7 38
26 53
46 66
64 98
11 44
43 58
75 87
58 63
4 7
37 90
62 82
19 57
7 17
52 85
20 63
15 55
49 59
74 86
54 65
33 78
97 100
19 92
69 79
73 79
26 35
41 81
93 96
84 96
22 61
84 99
63 81
39 56
29 87
76 99
31 82
34 47
29 56
56 73
18 97
45 81
59 99
35 47
96 97
7 89
66 100
8 59
20 38
33 92
3 40
83 93
80 96
80 90
59 92
66 69
11 85
40 77
28 76
76 93
22 83
75 98
10 45
93 100
74 81
91 94
62 66
55 83
95 99
42 46
73 82
77 83
25 60
80 84
88 89
28 43
2 39
42 64
56 87
20 49
93 94
65 88
28 40
61 72
52 75
47 63
91 97
23 63
18 68
48 98
32 78
64 68
55 72
16 58
41 89
77 95
28 76
66 97
62 63
80 81
9 89
87 99
69 99
47 48
34 85
84 99
84 94
69 77
82 85
66 73
38 83
62 71
13 30
69 97
56 92
2 33
11 69
11 94
95 99
2 67
98 99
90 92
9 29
36 42
72 76
21 23
54 73
84 98
68 69
2 18
38 64
21 29
85 95
25 58
92 98
52 92
28 79
28 29
95 99
68 79
92 99
69 78
29 53
59 93
1 88
55 86
69 87
47 61
48 91
99 100
20 70
66 72
16 48
17 27
76 91
75 82
2 23
56 82
38 63
16 78
96 100
79 86
47 86
96 100
94 99
59 94
69 88
28 63
44 64
34 70
15 89
78 98
38 61
90 99
91 98
86 89
30 64
82 94
2 90
93 98
8 46
90 100
68 100
26 66
80 85
21 91
8 57
10 18
25 93
38 76
33 86
20 33
60 61
34 79
97 99
75 81
52 80
40 70
77 92
63 95
69 99
75 84
87 94
8 84
71 85
23 70
40 71
69 74
27 100
60 85
34 52
83 86
79 96
13 18
91 97
47 70
51 96
52 66
20 36
22 62
70 83
30 56
25 73
97 99
56 62
49 96
45 51
74 75
25 92
72 76
41 98
96 100
39 57
71 76
8 62
12 35
97 99
5 90
36 90
80 93
60 63
47 85
99 100
10 30
7 100
43 88
90 97
39 63
39 99
6 68
86 93
43 85
18 80
48 61
55 85
99 100
35 45
60 72
1 52
64 76
30 54
9 26
38 78
13 72
38 97
94 98
24 41
95 96
72 94
27 59
96 98
46 70
57 87
53 86
81 91
18 26
82 96
11 81
18 81
64 72
7 18
29 72
25 41
54 61
95 99
60 71
12 79
23 60
92 97
50 87
18 29
62 84
36 84
51 55
95 98
50 59
2 86
66 87
28 49
16 44
99 100
30 94
83 94
41 86
88 95
36 80
13 92
98 100
46 93
92 93
73 82
36 64
63 88
19 31
6 72
86 88
83 88
78 99
33 68
20 85
78 82
54 72
7 62
37 79
57 63
54 62
88 92
96 97
17 96
58 100
66 85
79 81
32 89
5 68
12 99
88 98
79 80
7 64
74 77
97 98
91 97
17 22
10 32
17 86
70 83
20 43
50 96
20 39
13 24
69 94
9 11
88 100
90 98
55 62
24 47
8 34
61 92
20 55
43 47
89 97
18 58
93 99
33 36
41 80
77 93
91 100
44 99
66 95
99 100
23 44
99 100
7 22
61 83
61 100
27 33
19 26
38 61
31 88
26 51
85 88
62 81
49 94
76 84
80 99
78 82
89 98
78 84
42 46
67 77
1 29
36 47
15 35
93 97
42 72
75 91
7 41
87 92
79 92
95 96
97 98
76 80
95 99
73 94
71 85
44 56
54 55
78 86
3 52
29 51
98 100
57 69
67 95
59 98
81 88
28 88
94 96
38 95
40 47
28 38
59 99
40 87
99 100
95 99
11 78
75 87
28 87
86 98
35 66
68 69
11 96
30 81
56 64
81 87
81 90
24 91
83 88
85 99
73 84
63 80
82 97
50 73
19 38
10 90
92 93
86 87
84 100
98 99
79 95
19 99
40 100
77 82
28 29
97 100
70 100
95 96
65 68
52 100
19 64
12 46
29 83
72 94
75 95
60 66
68 88
38 50
91 96
38 57
87 89
76 98
46 86
34 87
19 44
65 90
38 69
7 54
44 99
70 90
21 33
78 83
37 93
18 36
74 95
87 88
66 67
7 29
15 36
62 69
14 43
59 84
40 91
47 100
45 73
8 57
14 60
50 96
9 26
20 52
84 86
45 85
77 90
58 98
51 53
93 94
27 84
85 97
54 68
17 19
52 56
93 96
7 24
8 63
16 41
85 90
78 99
63 74
43 88
84 97
87 99
74 98
46 52
80 96
62 88
37 94
91 92
25 47
16 54
15 100
2 95
47 96
69 83
30 51
95 99
23 88
17 78
89 90
67 73
69 94
12 40
61 88
99 100
83 92
9 25
73 98
17 27
19 70
34 98
64 83
76 86
97 98
90 100
56 70
96 98
54 81
6 66
77 85
22 34
32 65
22 92
18 33
22 44
98 100
6 68
24 75
37 67
13 47
20 32
26 66
52 86
29 37
10 46
9 24
15 61
19 77
43 85
16 22
88 89
67 86
78 95
97 99
36 95
62 92
76 88
84 93
56 60
65 92
45 94
12 86
43 86
80 99
23 53
72 94
94 99
92 100
3 33
11 91
43 49
21 88
89 100
54 94
43 62
24 67
93 96
79 95
81 86
32 94
72 97
24 86
31 57
26 54
92 97
21 92
39 96
48 71
48 78
86 92
59 92
48 57
98 100
37 50
13 83
76 87
59 72
42 70
94 100
5 77
19 35
22 68
10 32
87 92
3 16
73 82
54 72
66 85
60 79
44 89
30 58
99 100
14 87
35 77
93 96
47 94
14 56
41 100
54 62
69 98
59 72
38 82
92 97
89 98
40 44
97 98
35 39
73 93
22 68
41 98
46 64
57 83
64 86
40 60
79 98
6 11
86 92
38 64
47 65
16 51
57 66
24 30
39 96
53 83
31 36
39 50
78 99
26 87
23 39
17 32
1 73
93 99
12 87
65 96
97 99
26 70
90 95
88 100
66 84
78 97
49 51
34 72
25 82
25 95
96 100
98 100
45 60
17 37
21 55
47 63
33 64
84 93
79 96
87 98
43 75
71 98
42 89
74 100
32 81
11 95
56 77
54 70
47 90
39 42
59 92
45 66
56 83
42 80
22 37
54 79
13 33
42 76
35 64
35 92
55 64
28 88
28 73
80 94
52 84
13 42
33 38
53 71
76 97
31 60
74 89
55 75
22 54
82 90
11 85
30 100
57 76
3 18
98 100
12 20
12 50
71 91
5 68
3 77
10 55
73 74
56 64
90 95
30 35
71 79
17 35
6 97
11 76
44 58
15 24
18 64
91 96
36 67
1 72
58 90
87 100
68 76
40 56
97 98
6 41
68 75
53 54
45 71
1 77
46 77
81 91
98 100
63 96
9 90
2 75
17 33
44 99
6 61
63 75
43 72
25 54
20 46
85 93
62 68
19 53
92 93
66 83
92 98
9 97
78 79
51 61
12 65
29 61
57 96
21 95
33 62
75 91
57 91
34 61
9 14
66 94
43 74
91 92
70 71
20 75
18 27
51 78
11 33
96 99
76 79
67 79
7 9
53 89
93 96
82 93
69 97
52 85
48 54
44 96
38 100
96 97
82 94
62 78
16 92
14 90
5 22
16 41
35 91
64 92
29 79
69 79
59 85
99 100
40 78
63 87
35 50
50 73
15 19
8 64
63 76
54 57
69 76
39 88
26 32
22 29
45 58
97 99
37 51
36 52
34 43
53 94
36 63
99 100
39 75
64 90
23 56
5 36
76 77
68 83
21 31
51 68
12 69
24 85
86 92
3 50
33 53
78 99
50 97
73 85
66 96
73 96
99 100
55 74
22 38
98 99
95 99
84 89
80 87
70 83
32 74
46 99
24 34
57 69
20 77
10 80
90 94
33 37
33 58
12 66
81 92
78 88
61 81
67 94
87 100
15 28
28 33
25 34
74 86
72 90
24 48
58 91
91 96
2 29
96 97
86 98
18 98
19 59
63 78
50 83
52 82
94 100
66 73
7 43
41 87
63 72
72 80
72 96
30 95
96 99
98 100
99 100
78 83
91 92
77 79
94 98
82 96
6 62
73 96
66 69
60 85
30 49
14 28
21 23
55 76
95 100
80 87
84 89
94 99
24 74
21 40
72 76
67 87
7 17
7 68
91 100
57 72
31 100
27 74
79 86
98 99
33 83
20 56
80 97
80 93
4 20
39 60
64 67
79 88
13 95
60 78
77 92
38 97
83 91
27 76
33 35
75 89
8 86
27 72
37 83
37 70
81 88
15 32
59 78
78 95
98 100
64 90
28 43
96 99
68 79
63 67
75 94
87 93
71 87
49 91
15 77
47 78
63 96
65 95
56 69
6 49
1 54
79 82
56 82
9 26
20 51
22 98
11 24
20 81
41 75
64 85
82 94
81 86
15 32
40 83
65 93
90 99
12 53
5 96
87 91
33 99
36 37
17 73
53 67
41 79
88 100
86 98
17 37
89 90
65 73
26 91
3 44
42 72
86 88
68 88
54 95
18 34
71 89
6 90
25 50
4 16
48 75
66 100
7 36
12 66
96 99
43 71
96 100
58 93
35 82
39 71
97 98
89 97
42 47
69 80
56 66
48 65
13 63
84 91
48 72
68 88
56 73
43 84
84 90
18 50
33 45
17 22
69 93
64 89
23 79
35 59
91 93
95 99
33 56
61 71
47 81
67 91
48 95
17 72
11 24
86 91
11 37
36 53
32 68
39 48
47 73
54 99
79 92
52 87
22 91
45 80
21 39
95 97
34 67
85 100
32 53
11 94
59 95
64 76
54 70
96 97
9 51
18 96
81 93
12 75
48 60
25 100
93 98
30 62
39 56
9 28
13 40
28 36
27 70
5 26
15 87
4 59
58 78
52 100
65 89
47 66
42 79
19 66
97 98
30 69
45 81
73 78
27 30
53 65
27 63
96 99
5 34
13 98
12 46
14 33
12 43
18 34
95 97
82 85
78 86
38 62
93 100
11 27
58 81
88 95
26 93
13 14
23 54
59 74
37 88
96 100
9 38
71 86
54 72
6 70
90 100
83 87
85 97
78 96
99 100
23 55
53 85
56 92
74 77
62 99
67 83
28 32
52 87
34 60
29 78
13 49
93 99
77 95
82 88
71 77
53 55
24 28
97 99
70 93
78 90
27 38
91 96
71 100
50 90
20 86
84 92
59 71
61 96
17 37
3 82
19 61
32 35
48 65
5 49
30 72
61 62
42 70
59 73
21 41
19 83
25 93
51 73
40 90
73 81
81 89
26 45
83 100
55 59
37 73
82 90
44 80
58 72
80 90
80 92
7 29
86 95
33 36
13 40
80 88
23 43
40 53
93 97
65 74
55 77
12 36
95 100
57 98
16 42
1 18
22 47
95 97
83 94
9 52
14 76
41 75
8 69
38 60
98 100
92 94
69 75
81 99
69 97
47 57
87 98
44 78
13 80
87 92
59 92
3 85
63 95
20 72
38 51
14 62
3 19
37 84
49 64
40 60
90 98
27 44
36 60
36 43
40 78
15 99
63 78
50 79
23 66
43 57
33 36
82 94
21 30
95 99
50 87
64 85
2 48
43 91
38 92
88 92
49 54
45 47
62 86
71 86
18 85
78 88
18 57
49 100
29 96
5 62
45 63
14 47
7 41
77 94
74 86
97 100
47 64
82 96
27 29
70 92
29 37
23 87
34 78
1 3
63 86
35 70
8 82
38 77
67 81
46 75
37 63
40 56
97 98
63 84
40 50
32 66
2 83
10 28
27 60
7 86
18 20
89 96
25 63
64 79
8 46
97 100
29 58
81 93
26 79
57 59
91 93
32 98
37 71
5 34
51 70
26 91
48 64
8 31
92 96
8 90
9 95
20 95
59 88
70 82
18 32
72 100
84 94
26 55
94 98
12 73
74 87
98 99
67 84
61 62
19 51
67 96
10 87
28 78
51 96
38 79
14 77
48 75
28 30
54 68
96 100
67 70
70 90
48 80
48 49
58 83
16 17
28 42
14 73
77 97
30 63
3 58
18 62
58 73
41 85
43 50
23 73
39 66
24 35
83 100
23 77
39 52
9 87
55 94
79 88
55 73
38 61
65 97
93 94
12 55
54 96
4 11
14 34
35 65
30 47
99 100
83 97
81 99
32 73
3 49
25 39
84 97
23 26
10 43
59 66
51 69
4 27
28 39
65 73
92 94
89 98
73 77
81 99
94 97
26 97
7 21
30 94
20 79
41 45
9 37
97 100
54 76
37 41
96 98
39 44
85 90
16 17
68 95
28 30
23 28
45 72
87 100
32 70
53 87
62 78
17 64
49 54
33 89
13 92
73 97
51 63
22 35
31 72
30 81
90 100
46 92
50 64
50 94
29 63
10 30
60 65
71 90
13 31
35 36
97 99
3 96
77 98
44 45
66 95
88 98
99 100
77 100
14 56
86 98
75 77
49 55
24 57
94 95
47 89
39 46
65 69
18 22
56 61
30 99
62 72
60 88
45 97
64 96
14 17
67 99
90 100
63 78
46 90
97 98
70 92
61 80
2 53
36 66
81 99
88 96
68 96
46 97
73 91
89 92
42 48
52 63
46 95
83 85
32 77
69 97
62 79
50 61
3 34
56 96
9 49
66 94
44 57
29 69
93 96
70 77
96 99
85 97
79 84
71 87
96 98
85 91
58 99
90 98
70 73
65 80
53 97
44 71
59 96
77 83
70 87
56 88
87 91
92 97
84 86
24 74
62 63
10 64
54 89
1 51
19 51
30 81
87 98
34 50
90 92
45 66
32 40
33 39
31 88
85 94
13 28
70 78
62 90
86 100
8 29
31 83
70 82
6 45
46 91
86 92
26 91
68 84
61 98
21 81
54 72
60 69
80 93
80 97
39 54
44 59
32 87
70 83
58 61
30 91
20 88
84 96
63 86
70 82
7 70
73 86
96 100
96 98
56 58
51 76
44 56
96 98
4 100
40 95
22 36
26 40
62 78
44 79
7 57
55 57
69 100
79 97
2 68
59 78
73 78
20 88
37 54
42 90
56 80
94 95
14 71
98 100
83 87
18 25
73 90
14 82
14 28
61 93
26 55
97 100
24 53
53 72
90 94
64 73
80 82
24 67
92 93
42 44
55 62
92 98
87 91
22 91
64 93
76 87
33 56
44 80
56 72
54 95
81 93
29 31
32 76
53 64
28 98
29 43
8 13
86 95
85 90
38 62
2 23
17 43
98 100
19 91
81 83
61 90
1 4
88 94
23 99
42 85
99 100
21 65
28 42
57 89
8 52
5 64
68 75
8 32
5 75
21 70
67 80
48 59
47 82
77 98
23 49
81 91
96 98
62 86
68 96
91 96
10 23
52 66
66 87
10 55
46 68
39 50
44 78
19 95
26 50
17 27
64 81
1 20
14 44
81 95
34 43
15 47
52 100
89 95
54 65
18 28
25 27
43 61
98 100
16 31
57 97
10 27
36 82
61 71
60 65
91 99
95 96
85 86
10 83
17 32
53 66
60 72
51 96
88 96
77 86
12 15
65 94
47 78
88 93
58 68
53 75
88 91
75 79
93 97
60 92
14 79
43 74
2 80
46 72
16 30
88 99
20 59
88 100
1 50
31 62
25 35
16 52
56 73
64 92
66 79
96 98
45 47
61 93
39 82
42 54
47 92
97 99
80 86
70 75
28 50
30 85
23 45
86 97
59 90
7 99
67 89
18 84
61 65
7 12
5 34
77 79
90 95
30 83
74 97
64 99
72 93
16 85
53 95
6 62
50 84
7 49
88 92
34 90
95 100
35 48
66 99
2 10
42 92
69 86
15 86
37 74
58 92
74 88
51 95
31 81
61 70
29 34
63 78
62 82
67 92
66 88
23 58
74 99
76 97
61 72
45 49
61 65
98 99
52 61
82 91
22 45
15 94
97 98
54 98
33 85
79 87
72 86
11 14
60 89
54 85
8 75
51 62
19 74
85 86
54 72
51 65
55 74
13 76
94 95
58 74
82 100
19 47
93 99
99 100
41 88
24 31
74 94
45 51
3 49
2 58
46 91
93 94
11 76
42 53
65 87
11 86
57 79
58 61
20 34
94 97
1 46
15 34
79 96
78 94
14 79
9 63
53 75
80 93
79 93
78 92
9 14
78 80
14 80
52 59
10 99
32 52
36 96
41 55
8 64
36 82
63 87
56 71
60 72
18 52
63 77
75 84
87 92
63 78
19 92
41 42
74 90
85 90
51 67
1 91
99 100
37 92
72 83
75 100
9 45
46 49
71 96
75 87
23 30
99 100
45 53
52 62
88 96
63 72
63 92
79 83
54 71
34 71
69 87
84 93
1 34
40 63
24 38
5 16
93 95
60 93
78 94
90 96
82 87
6 77
94 99
43 80
33 86
16 49
93 99
83 95
1 62
7 46
49 77
72 82
40 84
48 86
13 50
54 71
49 86
88 89
79 84
44 87
53 94
4 13
94 98
60 68
29 97
90 97
86 90
72 100
61 97
6 56
50 65
18 54
40 91
24 88
61 67
21 53
94 98
53 75
29 68
82 100
66 94
68 84
81 94
85 88
14 57
3 41
5 46
44 73
65 92
55 60
91 98
91 92
94 95
56 82
64 70
7 87
52 92
54 94
94 96
72 83
17 46
49 79
95 100
80 100
93 94
61 87
33 60
62 93
51 74
38 40
75 89
69 83
87 100
91 93
87 94
81 92
47 75
86 95
56 100
58 84
56 95
57 93
55 99
24 62
20 84
57 67
52 91
96 98
32 92
62 67
40 62
45 57
40 76
92 97
27 81
91 94
41 61
87 99
41 92
49 66
17 51
8 25
85 95
93 95
1 36
80 93
36 82
77 95
90 91
77 79
57 63
81 92
95 97
38 73
76 82
96 99
19 67
20 57
82 86
53 74
74 77
97 100
68 74
81 99
57 61
87 92
7 38
12 81
29 98
23 79
64 81
9 20
58 83
55 100
58 61
52 84
88 94
95 98
44 66
42 93
51 96
2 22
44 69
51 83
6 93
94 99
11 72
14 81
31 68
9 43
34 64
51 99
41 54
92 94
74 78
26 60
47 73
36 73
47 56
51 62
53 96
38 57
36 54
23 62
90 100
15 47
43 66
94 95
86 94
42 78
80 85
88 99
78 89
37 93
4 44
51 85
56 100
71 80
65 92
31 71
49 83
38 58
27 29
12 26
40 59
31 76
97 99
68 92
38 86
88 92
11 76
71 98
61 80
51 74
37 58
20 48
77 78
78 86
39 71
18 59
77 100
79 86
66 85
87 94
76 78
7 82
74 75
18 81
71 93
64 81
94 96
52 90
11 49
69 90
39 58
10 54
32 67
44 84
36 54
52 81
8 55
45 77
9 62
82 100
48 52
34 92
95 98
78 98
38 88
82 92
96 99
70 96
96 100
15 48
67 94
54 67
99 100
89 90
41 48
38 61
19 53
18 44
6 83
31 86
9 76
19 77
93 95
67 94
24 48
15 66
30 41
68 95
83 97
59 84
6 72
45 62
63 72
7 56
97 98
29 46
34 79
17 46
17 25
51 60
27 68
6 49
3 95
56 96
49 55
11 97
44 77
46 62
24 86
26 91
55 63
72 83
82 94
50 63
65 72
58 77
76 95
77 93
73 74
60 79
43 79
32 99
12 43
70 81
2 70
38 72
71 80
50 92
82 91
23 47
48 60
8 76
4 51
58 76
40 77
10 60
77 86
47 62
69 84
29 47
57 73
36 67
47 85
32 68
22 56
76 86
80 95
6 85
97 99
12 77
12 98
19 20
16 65
14 49
89 98
19 84
10 83
50 56
96 99
72 78
49 50
85 100
90 92
39 61
11 61
33 61
2 46
83 86
88 91
25 92
54 87
21 86
39 53
42 57
40 96
13 62
69 94
61 77
14 99
82 89
49 98
51 98
36 37
85 96
79 97
8 93
53 80
1 23
85 96
11 90
7 69
75 79
48 83
46 94
94 95
93 100
81 96
35 50
52 90
92 93
36 43
21 87
86 90
9 36
44 53
89 98
39 87
69 81
13 45
19 93
88 89
13 83
37 70
80 84
92 95
54 78
60 88
63 99
62 68
77 94
73 84
42 78
82 92
87 94
47 97
92 100
59 68
68 76
2 41
23 63
12 44
4 37
20 45
61 76
2 16
28 53
91 95
72 81
98 99
8 89
94 96
14 91
80 99
69 98
22 47
30 75
72 92
64 78
37 89
81 92
32 46
61 64
72 83
14 56
55 80
89 90
59 88
64 86
34 43
13 77
5 9
5 82
49 83
37 99
96 99
22 82
89 90
64 98
53 83
37 55
27 38
80 99
4 89
59 82
14 34
75 84
14 100
83 96
21 48
10 94
40 68
16 78
22 58
10 59
29 85
45 46
4 93
11 29
51 85
50 93
20 31
24 87
74 97
38 85
81 100
55 85
67 93
30 68
85 96
53 72
51 85
78 93
79 91
93 100
82 91
20 85
63 66
4 34
70 93
73 89
30 52
32 71
43 67
66 69
45 80
36 56
37 42
7 80
60 62
29 75
37 77
87 97
64 67
50 92
45 72
29 44
78 80
79 90
85 100
61 72
78 89
81 90
58 69
40 43
62 81
99 100
19 69
9 67
55 74
79 95
1 84
80 88
45 47
23 27
76 92
84 97
66 78
99 100
47 72
20 33
7 24
75 76
84 99
68 83
70 86
91 94
2 5
37 88
59 74
73 83
53 58
42 57
4 74
83 99
94 95
19 30
30 55
6 21
55 96
88 96
61 90
72 78
66 71
40 71
58 75
24 38
18 84
72 99
94 96
11 16
