4230
39 97
21 49
93 95
11 64
94 97
43 68
70 96
31 60
50 88
14 51
34 74
86 96
22 95
16 52
96 97
72 87
30 41
69 90
23 98
52 81
23 84
98 99
50 55
88 89
80 81
9 42
85 94
48 56
14 59
37 80
93 98
2 83
42 56
88 94
73 95
11 31
67 69
79 90
24 63
98 99
30 31
40 60
92 95
10 93
52 78
23 24
17 73
64 81
72 96
99 100
50 68
84 95
63 70
35 50
68 83
26 41
44 47
57 90
83 88
82 85
67 92
9 93
22 28
85 88
12 78
88 89
5 31
93 94
39 55
85 92
13 63
60 76
63 97
89 90
34 77
95 99
90 97
99 100
6 64
15 43
52 61
18 57
38 85
79 92
21 34
19 57
29 100
10 21
27 28
30 86
66 77
2 86
45 54
74 99
16 20
25 49
78 81
19 29
92 98
7 94
34 54
1 27
37 75
8 31
71 82
49 61
50 53
75 94
52 56
79 85
45 78
5 24
78 89
96 97
66 84
60 84
98 99
67 94
5 7
6 83
27 43
86 92
3 43
16 79
33 41
39 53
36 48
72 96
29 66
30 34
93 100
47 100
30 55
24 75
45 50
81 82
24 74
57 59
84 87
39 62
4 93
44 79
74 87
61 71
10 73
64 65
65 72
96 100
46 79
50 62
21 30
30 62
87 99
44 83
9 54
85 86
73 85
60 75
93 96
31 71
94 97
23 57
13 23
61 69
55 59
96 98
38 72
72 100
42 44
3 22
31 76
18 23
56 87
24 28
77 86
62 84
55 100
96 99
16 38
14 53
68 83
86 90
52 96
49 84
7 32
62 91
54 62
20 33
55 76
45 47
52 53
57 81
58 92
48 60
4 91
49 84
87 94
14 45
63 81
23 55
96 98
23 35
30 90
97 100
76 97
3 13
93 98
38 71
71 81
16 88
48 64
83 92
16 39
47 51
20 97
79 80
29 63
57 60
56 89
80 83
18 44
49 53
22 87
52 82
55 65
8 38
73 79
57 58
51 69
21 65
19 24
25 100
11 36
7 20
76 92
16 76
78 97
11 64
8 63
66 93
69 71
2 88
43 84
29 92
90 97
49 81
1 83
87 88
51 60
88 94
82 83
74 76
51 54
81 85
64 82
71 78
68 83
50 55
75 85
81 88
26 85
12 32
55 58
18 74
53 74
90 97
12 98
54 59
27 63
31 69
57 92
76 91
5 96
77 88
31 97
20 92
46 75
62 89
18 53
87 91
19 69
72 83
50 79
65 98
94 95
97 98
91 95
17 96
30 80
77 89
16 31
70 85
37 56
29 66
71 73
92 93
46 99
65 75
30 83
48 77
37 58
94 98
27 74
47 53
87 99
18 94
89 96
80 83
83 84
8 78
45 71
48 90
28 66
70 79
28 74
60 72
37 84
4 50
65 96
44 65
24 90
40 48
51 56
22 72
64 71
69 73
16 67
91 100
57 81
65 74
72 80
83 88
72 79
82 93
56 61
6 85
75 86
51 87
51 75
84 89
54 69
54 95
7 71
84 96
24 85
96 97
34 94
20 59
19 40
58 74
96 99
54 97
83 90
37 42
85 86
82 97
31 53
76 90
88 99
7 51
12 34
81 87
32 94
95 100
49 75
28 92
29 56
32 94
78 80
51 53
96 100
53 83
63 96
20 63
77 78
62 74
4 41
12 65
35 78
56 88
31 82
66 94
46 55
4 43
92 97
20 87
73 78
51 54
18 55
42 76
37 70
78 82
78 94
51 99
53 76
68 92
31 77
14 49
83 86
56 77
53 85
44 89
55 66
57 97
59 97
74 93
79 90
99 100
12 21
32 83
48 58
26 76
12 24
85 100
26 51
96 97
84 97
90 98
22 65
73 88
49 92
15 54
61 74
96 98
77 99
62 80
27 45
38 81
32 62
70 90
5 93
54 90
8 86
4 57
8 18
23 90
47 88
37 77
87 91
61 88
45 61
19 39
43 91
41 91
50 60
24 87
97 100
83 92
43 52
97 98
85 93
49 58
6 25
87 90
10 49
4 14
81 88
53 94
96 97
88 96
18 80
78 96
31 78
56 86
3 25
58 90
82 88
19 72
77 94
78 91
28 88
63 79
49 56
85 91
36 47
60 70
87 97
36 66
73 92
70 94
1 26
43 60
69 90
24 98
11 65
2 24
82 99
92 100
10 44
12 44
56 88
54 80
4 26
71 83
46 61
42 71
44 88
81 85
63 99
71 81
52 54
17 63
70 79
71 75
21 81
95 98
95 98
94 99
11 70
30 57
15 30
10 44
41 58
76 89
29 74
94 97
43 92
56 97
29 84
1 35
34 56
75 99
46 57
22 95
52 82
31 51
90 100
37 64
92 100
1 56
77 89
48 66
25 78
23 36
42 50
3 66
4 72
61 63
39 53
4 57
63 93
63 97
32 70
8 51
97 100
99 100
68 86
11 44
31 72
91 99
45 91
22 25
76 86
34 77
60 86
25 26
80 91
88 96
47 60
23 69
54 88
90 97
7 55
76 79
95 99
13 21
17 50
24 60
95 97
46 67
35 74
97 99
32 38
41 61
87 90
14 47
54 97
62 79
45 54
67 77
50 95
6 93
83 100
96 99
5 87
23 90
41 43
49 77
50 66
27 71
54 95
29 73
88 91
75 95
80 83
26 55
19 55
58 72
18 71
51 73
43 89
62 83
1 87
36 54
58 61
22 79
93 95
36 80
44 63
64 95
62 88
15 25
27 94
39 96
41 74
17 22
43 44
33 76
82 100
30 68
78 93
76 84
98 99
30 46
5 86
33 42
80 96
20 85
95 98
80 87
20 42
49 97
40 61
75 84
4 70
29 93
30 32
12 89
10 87
25 90
50 67
57 81
76 91
48 97
41 52
88 94
66 88
23 86
61 85
1 32
27 86
51 60
29 78
20 67
16 91
58 73
59 72
87 88
35 51
30 69
77 85
44 97
45 57
36 59
33 96
95 100
62 70
36 43
88 94
66 89
49 74
86 90
7 58
42 85
91 95
16 53
18 95
97 98
61 100
7 42
78 93
16 32
66 70
48 51
17 24
88 100
92 97
91 92
62 95
15 63
26 68
80 92
68 81
72 85
69 89
76 81
18 73
88 91
43 100
69 81
22 73
95 97
72 82
73 100
95 99
68 99
65 89
17 47
35 76
60 66
72 80
8 97
68 79
14 70
44 95
6 62
7 43
65 72
65 66
57 75
71 75
41 84
82 96
41 71
19 87
32 59
17 71
87 94
42 56
64 76
65 73
85 86
70 73
52 89
91 95
89 98
51 80
38 66
99 100
94 98
19 88
23 71
98 100
20 53
50 64
85 93
52 100
59 85
12 61
80 98
21 83
36 93
95 99
40 75
85 89
38 83
31 61
44 96
60 64
35 87
98 100
89 91
95 98
96 98
25 72
46 76
68 92
87 98
58 67
1 22
53 62
50 88
47 78
77 90
89 92
82 88
94 95
66 72
34 61
92 99
98 99
18 64
96 98
55 64
92 93
40 100
65 76
39 99
58 74
76 94
25 63
35 55
37 86
74 86
53 77
63 96
23 72
34 73
15 75
72 100
48 70
56 86
30 35
31 99
48 54
69 78
46 77
86 92
23 40
45 73
83 100
42 97
81 98
7 60
78 93
94 97
71 96
15 53
2 36
71 90
1 99
51 84
83 86
54 73
50 99
83 87
5 58
92 97
55 66
21 75
89 92
98 100
5 9
56 82
84 94
31 67
97 98
92 93
15 27
74 81
7 43
62 72
41 59
93 97
24 29
31 91
2 85
82 92
89 90
90 94
25 75
4 69
13 65
35 38
60 87
9 23
84 96
29 69
67 98
47 57
61 68
65 93
8 68
68 77
62 67
1 9
22 43
2 94
22 58
91 93
94 98
37 55
66 73
4 53
2 11
78 83
42 86
22 82
53 69
97 100
55 78
43 77
17 47
60 85
96 97
47 93
31 76
65 89
36 72
75 83
10 93
36 78
32 60
73 81
29 45
35 90
2 31
42 98
98 100
39 74
1 40
60 71
36 55
16 47
72 79
7 32
7 27
85 87
98 99
61 97
71 72
67 78
29 58
96 98
6 55
14 87
2 34
59 79
18 69
38 39
52 56
35 39
51 64
19 42
4 35
2 92
64 96
3 64
59 88
78 83
20 45
89 98
59 76
45 99
37 96
1 49
47 75
62 90
49 65
47 98
10 23
81 89
41 62
71 98
17 41
28 54
71 81
86 94
32 80
88 89
95 100
95 99
27 82
69 94
56 87
6 88
71 73
58 85
77 88
27 76
18 41
61 87
40 42
52 59
75 81
37 96
47 67
34 77
58 66
6 30
72 88
50 52
40 63
63 69
98 100
41 56
78 95
63 82
47 51
50 93
40 86
5 24
88 96
53 77
7 20
93 99
45 87
57 67
69 71
97 100
76 90
9 39
10 82
91 92
65 88
72 93
75 92
81 83
65 83
8 23
31 97
26 48
67 82
28 99
4 95
38 80
31 56
50 91
22 93
77 94
11 29
28 35
27 61
28 84
69 90
76 100
87 92
71 83
83 99
83 91
88 99
29 81
27 51
4 39
20 51
21 73
49 94
49 58
38 62
75 84
41 45
61 71
33 92
63 72
79 88
66 89
65 97
89 91
76 80
31 41
6 56
95 97
92 98
91 98
46 81
28 53
63 97
83 93
16 95
13 57
91 97
43 99
71 94
10 54
38 92
15 48
79 98
46 49
99 100
31 89
88 92
60 98
71 79
86 94
85 98
2 83
1 74
99 100
41 54
49 67
19 31
61 80
38 48
92 93
74 80
64 96
98 100
22 58
45 83
37 63
87 100
82 89
36 72
47 56
5 73
43 82
71 82
95 99
73 87
22 73
69 70
13 79
7 63
32 98
9 62
25 89
61 98
82 92
72 93
14 85
92 93
96 99
95 97
68 94
76 81
96 100
85 87
19 74
37 46
80 89
36 61
57 62
47 78
95 97
34 59
55 78
30 92
88 89
39 50
50 82
35 80
48 70
66 98
44 99
16 70
33 94
49 66
67 77
79 96
92 95
89 99
43 69
37 57
66 78
93 97
33 68
32 75
80 98
6 18
75 77
63 79
24 64
14 34
9 53
91 92
13 50
54 69
76 91
35 84
53 82
2 81
32 44
48 65
73 76
43 46
22 40
96 98
59 80
43 73
56 59
12 28
69 92
92 93
72 82
38 44
39 87
49 98
83 91
61 64
71 91
65 97
10 44
30 55
19 22
98 99
7 45
67 73
47 95
14 24
72 89
60 89
91 94
71 79
45 51
45 73
99 100
7 19
92 99
74 81
54 68
88 99
80 95
79 81
3 97
75 100
38 95
11 66
47 82
49 63
97 99
71 85
46 74
46 98
42 48
39 99
88 90
67 92
19 67
69 73
62 86
80 92
52 85
95 97
14 38
11 50
43 67
9 24
76 97
11 21
54 91
28 41
14 83
36 51
83 88
52 72
29 80
80 86
22 82
19 39
71 76
30 70
5 48
23 25
27 85
76 100
46 95
42 55
98 100
42 52
60 96
43 63
73 96
73 86
75 98
80 81
73 78
29 32
29 30
75 77
6 65
63 80
55 73
81 94
80 88
83 90
55 60
52 71
37 74
2 11
61 90
78 80
44 46
77 82
83 99
23 55
91 97
38 68
43 44
41 58
70 89
98 100
97 99
85 99
39 52
58 92
53 96
6 17
79 91
89 98
57 67
25 29
37 88
17 61
91 98
15 96
50 100
79 82
37 84
49 79
65 68
80 100
42 95
54 100
48 74
29 68
62 69
32 43
65 98
61 66
6 47
89 95
72 75
60 98
47 81
43 44
75 92
55 60
44 46
10 60
89 100
4 63
32 67
92 98
72 76
78 82
12 95
53 96
65 80
25 43
21 44
64 97
2 30
11 52
96 97
58 85
14 28
70 75
21 45
55 72
24 67
25 100
57 77
88 93
25 48
1 55
75 97
10 82
46 80
28 68
59 61
81 85
7 32
32 36
6 60
61 89
61 74
3 91
13 22
76 83
22 25
67 95
48 82
69 78
84 89
34 53
13 72
57 65
24 77
38 54
87 92
53 62
92 97
60 93
70 82
90 96
96 99
45 55
98 100
33 47
62 66
99 100
58 66
61 85
91 97
86 94
83 96
66 91
4 35
94 95
43 47
9 36
63 100
5 49
8 27
85 98
99 100
45 98
22 45
66 97
9 59
20 56
39 98
34 98
47 96
47 70
65 79
98 99
7 44
64 74
81 84
7 70
87 96
35 69
50 78
40 43
49 85
29 59
18 87
88 97
50 74
10 62
97 100
29 82
83 91
88 97
43 61
81 91
88 90
83 97
12 100
49 70
53 82
51 65
7 26
55 78
13 66
16 79
18 76
63 74
25 86
86 94
42 91
80 99
36 90
51 78
95 98
55 61
36 42
70 94
13 40
61 84
4 63
53 90
26 51
63 76
30 81
17 31
45 62
79 93
37 44
45 97
17 71
20 68
86 92
19 46
68 83
27 84
65 80
48 50
47 59
87 97
70 88
82 89
45 85
46 59
69 80
17 72
6 61
97 99
61 82
73 79
23 63
69 99
13 100
80 85
25 28
89 95
92 94
39 43
55 60
49 77
83 84
70 71
21 36
44 100
90 96
59 64
51 66
6 76
31 37
72 74
28 79
24 56
12 99
79 93
9 30
52 92
1 13
50 71
39 89
9 26
78 97
47 61
50 52
46 60
78 84
95 98
43 85
35 98
18 96
52 54
63 70
15 40
17 37
54 98
60 91
37 74
98 100
58 100
36 40
1 81
84 97
69 93
81 95
73 92
69 74
49 89
96 97
94 97
95 99
20 42
6 100
74 83
96 98
56 62
50 79
74 95
51 61
56 92
76 80
77 93
1 90
8 36
12 22
44 78
74 84
38 83
20 53
61 86
91 93
54 63
52 91
69 78
51 64
69 88
81 98
87 100
14 88
15 59
28 49
17 52
64 83
41 84
66 99
36 95
73 93
11 30
25 37
87 99
32 70
66 77
72 78
42 51
84 97
3 34
90 91
60 79
46 80
14 31
34 47
33 90
3 87
32 57
75 78
23 74
9 94
53 99
50 83
71 72
61 100
52 77
67 93
17 50
71 76
83 91
30 54
84 96
13 41
71 90
30 77
69 91
70 90
81 93
31 85
7 60
64 73
87 100
43 60
31 34
66 95
27 63
87 88
18 53
11 32
29 34
37 56
17 54
79 91
50 63
58 100
75 85
82 90
84 90
30 43
40 97
28 32
64 83
57 63
57 92
74 87
51 81
68 69
53 99
68 72
6 44
95 96
99 100
82 97
61 69
58 69
80 90
26 40
67 99
15 22
28 88
50 98
31 33
15 35
61 83
41 88
41 53
29 64
1 65
98 99
86 87
83 85
83 93
1 43
52 88
57 78
47 72
62 91
10 23
92 94
22 57
75 84
96 99
67 100
97 99
36 64
73 84
78 82
77 92
62 79
80 88
3 100
29 68
3 58
75 89
36 42
13 88
20 50
57 61
37 56
2 42
75 76
82 86
44 85
90 96
99 100
63 88
91 94
90 100
36 45
60 65
7 96
9 72
92 96
57 79
90 94
26 38
67 99
21 47
95 99
44 47
64 99
57 98
85 90
37 91
98 100
48 77
81 88
82 83
88 97
77 93
2 93
79 95
35 58
44 89
76 92
58 61
88 90
66 83
69 78
77 94
1 47
65 93
65 99
99 100
71 73
44 98
64 79
64 70
72 76
54 80
49 66
51 89
69 96
41 53
48 86
15 29
21 47
85 99
79 87
26 89
75 77
32 84
97 100
85 100
46 79
97 99
98 99
34 45
80 87
78 86
49 84
49 52
13 34
34 98
71 96
24 44
10 95
62 91
37 43
39 60
94 95
72 73
32 72
18 20
65 85
25 70
24 99
77 92
2 84
74 76
9 97
53 76
55 75
2 26
45 73
22 70
28 65
18 35
76 92
12 56
39 54
69 92
43 99
94 98
81 82
28 47
80 96
68 99
62 91
66 73
5 16
26 58
28 65
23 36
83 94
18 47
90 99
50 75
99 100
89 90
22 28
52 93
98 100
22 83
54 77
17 25
19 82
41 99
49 99
26 51
25 70
38 43
77 80
53 98
10 32
54 77
62 87
59 68
94 97
64 74
25 62
63 89
15 22
54 83
18 52
8 46
96 99
70 98
32 96
11 38
10 38
67 74
14 92
5 82
25 47
41 99
45 50
58 70
41 96
47 72
30 83
97 100
13 87
9 87
58 89
2 3
60 85
15 33
61 82
90 94
66 70
95 97
52 83
6 90
66 70
99 100
57 88
73 82
11 43
46 79
30 45
50 78
39 95
74 85
59 74
67 95
19 42
68 80
56 61
56 57
82 83
89 90
40 84
57 66
53 96
70 82
94 99
30 71
53 70
19 35
36 46
32 35
2 80
96 97
42 52
3 62
4 17
89 92
91 93
20 39
20 26
67 84
71 78
60 87
24 55
24 39
89 92
28 88
58 83
14 58
63 81
88 92
67 84
71 82
96 98
77 95
14 71
18 72
50 97
8 37
98 99
55 59
93 94
46 55
53 80
50 55
47 97
5 86
28 40
2 80
14 47
95 99
61 91
3 47
93 96
83 85
47 68
81 89
87 93
23 50
73 98
34 60
90 97
88 91
67 69
45 76
72 77
84 98
12 34
98 100
38 68
50 83
58 77
63 69
89 90
43 46
26 37
89 94
66 95
21 42
85 95
63 93
71 84
2 51
31 68
75 88
86 99
13 89
45 98
62 84
84 88
38 90
41 72
37 78
15 54
35 80
4 17
14 27
82 99
51 61
11 28
6 38
20 88
27 36
40 47
33 42
33 84
86 96
71 90
97 98
51 85
5 75
71 87
50 82
54 87
84 99
66 99
55 67
85 93
92 98
2 47
31 53
62 98
11 28
90 96
83 98
61 69
57 81
53 62
27 28
1 83
99 100
30 95
87 91
10 25
56 62
6 63
6 20
77 100
85 96
94 100
9 87
2 58
63 82
36 67
90 98
10 86
43 78
60 77
63 68
81 92
14 97
52 91
3 96
52 70
27 63
2 96
80 97
5 56
38 94
33 71
88 93
43 50
7 80
34 53
39 62
70 81
4 91
63 69
66 70
33 45
3 89
49 90
5 98
69 96
48 82
75 85
62 70
32 66
28 51
53 62
70 91
12 69
19 51
81 98
40 78
38 64
24 95
1 26
86 98
70 75
7 85
19 31
50 97
80 83
95 100
39 94
7 83
15 20
89 96
73 83
59 61
56 80
50 75
38 98
22 32
54 90
68 73
37 99
90 97
64 100
39 86
37 66
97 100
63 91
2 54
26 86
59 81
49 75
87 88
68 74
9 47
35 54
42 60
31 62
15 23
32 62
39 51
12 84
86 96
9 32
80 98
48 94
72 84
51 59
88 98
17 20
42 93
6 76
78 81
20 61
53 87
3 5
22 70
51 92
15 39
75 85
4 39
70 92
25 44
68 91
54 76
33 82
8 9
25 48
76 95
44 45
34 71
66 69
62 70
67 96
23 84
61 65
94 96
44 55
44 45
77 85
30 46
87 97
96 99
27 35
81 100
68 88
78 99
88 94
79 91
90 94
44 55
35 96
20 39
46 67
52 77
28 68
10 82
73 96
91 98
14 65
88 92
79 90
9 93
4 38
40 59
73 100
13 15
37 41
98 100
73 84
66 72
41 84
36 54
5 22
72 84
65 88
36 97
82 99
43 64
19 48
58 85
93 99
56 97
81 95
92 99
43 88
4 35
9 11
93 96
18 42
18 84
28 83
9 30
9 75
94 100
13 92
94 96
46 92
3 66
50 56
11 85
95 96
77 81
97 100
17 62
70 82
1 30
25 79
44 92
10 75
73 76
37 60
57 83
51 100
73 79
1 98
13 58
93 96
96 100
44 100
88 92
45 73
93 97
45 49
19 84
56 86
88 100
14 38
1 20
50 51
87 98
62 89
1 5
20 72
67 92
56 66
36 75
41 43
65 85
53 89
63 86
46 80
47 80
37 51
27 60
6 29
63 82
34 68
25 35
81 93
92 94
15 95
34 53
83 90
79 94
86 95
48 100
93 96
48 92
75 99
83 92
3 61
14 16
88 92
82 99
7 41
74 83
71 84
5 57
19 100
99 100
53 82
96 99
40 42
91 92
64 86
65 94
48 95
49 66
67 75
20 65
45 48
10 67
52 86
16 66
13 42
83 89
31 90
77 84
44 69
72 100
16 70
15 18
70 91
76 95
88 91
27 54
66 71
91 96
52 93
82 99
56 86
87 97
73 84
3 93
89 99
83 92
13 25
22 40
20 89
1 66
39 87
42 94
67 73
10 69
39 95
68 81
61 94
63 95
4 41
35 85
78 86
14 15
7 90
21 27
68 87
23 30
78 95
51 94
60 89
54 98
54 79
82 90
59 86
61 87
16 65
83 96
40 44
50 53
26 97
95 97
12 42
40 87
38 53
85 89
82 90
10 34
8 96
80 92
7 33
28 54
78 100
4 86
20 62
75 78
66 88
74 90
64 86
48 85
20 81
23 64
94 98
55 86
83 98
65 97
80 94
6 21
31 65
96 100
90 95
68 100
98 99
35 57
64 69
37 73
2 20
89 98
76 96
72 81
38 53
88 92
79 89
36 74
83 86
12 93
41 54
8 50
63 64
99 100
73 90
97 100
28 74
58 84
32 98
34 84
98 100
44 81
24 76
54 66
19 26
45 99
88 100
66 89
75 90
39 41
71 84
13 62
18 27
49 98
85 99
13 28
63 100
78 81
57 59
94 99
92 93
40 96
65 91
15 62
18 41
71 89
61 80
67 73
62 65
27 95
82 89
78 92
6 48
79 87
42 80
88 92
30 91
86 96
31 50
21 94
49 68
58 77
71 78
39 44
25 97
7 68
90 95
97 100
66 93
86 98
68 82
63 69
32 99
21 49
63 91
48 89
99 100
13 80
46 51
5 71
38 91
47 75
4 35
30 39
61 72
82 87
42 44
43 89
66 82
26 37
64 68
57 99
68 85
89 91
56 59
36 86
11 38
55 71
31 41
38 81
77 100
99 100
92 99
50 62
76 83
31 36
58 100
8 35
27 29
96 98
92 96
4 5
19 96
85 97
9 83
76 93
72 99
16 56
73 93
3 100
77 82
17 56
89 94
55 88
22 28
84 93
67 82
74 94
14 44
36 46
90 99
1 39
77 85
55 79
57 95
14 70
52 94
4 98
23 59
49 84
69 83
49 80
17 93
12 33
16 65
59 97
56 65
59 66
95 96
89 94
42 58
97 99
63 83
64 70
50 75
41 90
57 100
39 93
96 100
75 82
22 52
45 57
3 11
1 29
99 100
39 99
44 80
62 77
36 74
18 64
80 98
74 77
47 73
44 74
85 93
23 39
94 96
37 84
55 63
67 77
38 62
66 91
2 97
14 82
74 88
27 35
46 81
91 94
69 71
4 93
84 93
10 60
73 89
22 37
54 90
2 68
27 54
85 91
78 90
53 74
51 91
4 54
1 51
32 50
29 76
5 6
15 77
85 89
67 78
37 61
66 74
40 54
57 69
56 57
55 62
83 85
13 52
7 88
23 62
34 75
1 34
78 98
22 23
98 99
57 63
61 70
78 98
18 42
89 98
84 88
40 82
97 98
75 95
42 94
9 44
28 61
34 59
5 84
71 94
93 100
95 99
26 87
99 100
67 77
58 61
24 72
57 78
89 90
28 77
60 73
79 98
45 55
47 72
12 46
50 62
13 54
9 45
5 35
61 66
16 97
69 80
71 76
57 84
51 83
33 86
63 86
76 82
12 68
30 86
69 85
70 91
93 100
93 96
22 37
16 28
88 92
99 100
76 80
11 100
67 68
21 24
93 98
63 81
53 72
50 65
2 11
62 73
73 92
19 48
46 98
37 48
8 91
98 100
32 43
10 35
24 28
99 100
46 84
26 96
87 90
41 43
72 76
79 93
81 94
25 52
93 100
24 68
93 94
87 94
78 88
69 78
98 100
43 96
59 96
71 77
34 71
8 78
97 99
96 97
50 62
24 96
28 30
92 97
60 84
59 62
3 47
27 93
72 98
1 72
22 87
29 31
7 34
31 33
37 78
13 34
4 90
2 74
58 81
83 95
23 82
78 83
41 42
38 81
18 60
92 93
66 76
50 99
16 42
62 99
98 99
46 82
65 95
14 16
41 89
60 90
87 99
83 89
71 79
85 89
8 37
12 13
72 86
10 78
69 71
23 36
37 94
39 48
55 98
87 97
81 92
6 16
64 89
80 100
25 85
69 80
8 89
23 73
66 94
99 100
74 86
8 14
54 55
52 90
88 95
25 39
30 97
26 87
54 88
51 55
74 78
15 94
84 87
60 82
25 57
39 83
31 71
84 95
98 100
72 79
81 91
95 99
85 86
49 93
58 63
49 65
42 53
67 89
2 97
32 90
67 89
65 72
39 41
90 93
63 66
5 91
43 78
45 95
88 96
26 36
74 84
96 98
97 100
93 95
15 26
20 65
61 98
40 50
93 95
36 51
92 98
79 89
80 90
88 89
34 97
26 40
94 95
91 99
54 60
85 91
82 94
72 78
23 77
45 74
85 95
3 8
75 81
46 90
96 100
14 62
58 97
43 53
13 19
1 2
76 92
51 97
57 96
16 53
14 16
84 99
6 29
45 46
45 88
78 84
95 100
80 82
46 80
93 99
14 84
65 79
72 99
27 88
85 97
44 80
39 52
86 91
41 74
89 99
87 93
67 71
73 97
18 19
31 50
15 80
84 95
94 96
98 100
66 82
16 84
25 56
58 84
96 98
73 83
33 71
31 69
32 52
25 43
33 94
90 96
63 81
5 16
75 83
59 88
47 57
92 97
96 100
71 80
86 96
82 96
46 48
51 59
9 99
41 48
97 99
52 56
23 58
53 91
61 90
2 51
67 96
54 85
72 98
29 63
48 52
46 69
68 94
71 98
58 68
13 81
59 84
84 87
94 95
7 46
80 82
24 63
49 51
37 66
33 42
25 57
93 94
38 67
16 17
63 99
63 93
24 82
38 69
11 63
5 87
36 37
32 84
71 78
33 36
76 83
34 82
4 96
60 88
28 94
70 80
43 52
26 46
56 71
25 100
96 99
98 99
10 75
87 100
31 44
85 89
4 32
2 77
55 67
5 58
84 87
92 99
75 83
70 94
89 97
79 97
53 65
45 46
94 97
88 93
42 71
91 99
45 75
35 63
14 21
7 34
70 72
9 74
69 87
46 84
99 100
40 51
42 71
34 79
53 62
51 52
90 91
60 76
24 100
4 38
65 82
67 84
47 51
21 73
83 88
22 68
60 91
10 26
70 76
77 96
46 90
62 86
4 99
22 51
63 100
50 76
40 91
10 71
74 97
2 13
23 96
88 97
40 60
68 99
90 100
11 62
28 44
81 100
62 83
29 69
82 97
89 94
14 89
78 82
6 40
96 99
38 92
60 98
8 95
65 78
5 10
89 98
53 74
36 38
90 96
53 68
94 100
8 10
12 86
41 92
93 97
20 65
29 69
69 89
24 80
24 38
60 64
89 98
71 76
32 99
61 82
91 97
12 13
60 99
4 93
85 90
86 92
61 83
39 95
73 85
51 88
36 86
51 66
13 78
31 56
41 97
91 96
63 94
44 69
80 95
9 68
24 54
30 54
81 87
61 100
52 57
46 57
70 88
18 91
80 97
75 81
12 24
46 85
7 29
96 98
67 77
91 99
87 93
66 83
13 67
34 52
6 48
63 83
60 92
50 90
35 63
45 70
60 64
39 68
82 98
73 100
95 100
62 90
31 34
35 95
58 95
44 98
57 92
52 70
18 93
81 97
42 78
78 89
77 96
30 56
74 86
70 87
10 83
81 87
31 57
72 90
92 94
23 85
48 99
64 90
24 97
94 100
89 91
9 86
24 100
24 67
88 94
86 89
27 56
53 68
84 99
11 45
66 87
51 88
47 61
40 55
33 61
19 93
86 97
69 70
34 47
74 100
50 64
15 16
38 49
29 100
12 43
81 83
97 99
54 97
41 54
24 59
67 95
29 76
62 70
88 91
14 63
80 81
10 33
45 50
3 24
10 95
56 87
11 99
77 100
7 32
39 58
53 67
26 77
47 91
71 87
89 97
41 99
89 94
36 67
64 74
54 62
40 70
79 82
22 74
68 88
28 59
74 82
64 97
77 85
44 85
87 99
96 100
63 72
95 100
25 96
56 82
95 96
14 96
68 88
36 97
9 80
83 97
1 67
89 94
61 81
37 91
8 26
29 52
4 51
38 63
87 93
3 28
7 96
70 83
31 76
70 95
3 60
90 91
91 99
57 94
91 94
84 89
51 97
99 100
53 67
5 59
63 94
78 80
34 84
96 97
95 100
39 81
31 36
8 30
45 73
93 96
52 91
2 94
55 60
24 46
78 83
31 39
9 38
61 85
98 100
24 40
14 50
53 74
43 64
44 62
82 83
21 56
99 100
42 44
86 88
12 99
16 92
96 99
3 38
22 62
92 98
35 99
58 71
21 66
63 99
52 83
43 82
60 79
61 77
12 68
25 73
68 84
73 83
30 34
50 65
27 90
79 96
56 80
25 80
48 50
84 89
37 50
89 100
29 38
39 89
60 86
79 100
97 99
32 92
6 54
73 94
42 95
95 99
62 94
30 58
35 51
75 81
42 63
7 11
39 83
3 71
85 100
76 78
99 100
44 86
47 52
19 29
30 55
49 75
73 99
12 95
82 87
72 80
66 95
3 67
2 78
96 99
31 86
64 86
71 98
34 62
21 40
53 70
49 87
20 77
58 94
32 47
84 97
86 94
50 71
4 84
23 88
37 79
89 96
19 51
7 61
98 99
43 94
66 88
55 87
58 80
30 98
72 77
33 80
99 100
82 85
63 83
8 73
12 40
97 99
29 57
97 98
6 74
75 78
70 86
1 94
90 94
51 92
38 50
19 46
65 73
99 100
52 89
58 96
80 100
40 97
12 85
31 58
94 95
30 79
98 99
36 57
10 64
32 72
54 68
27 99
11 64
83 92
63 70
70 84
73 77
51 90
5 8
92 100
75 88
59 69
4 100
7 35
82 83
25 43
70 95
42 84
32 80
66 79
16 89
41 52
94 99
9 87
66 68
61 73
35 38
69 97
66 91
55 75
51 94
33 36
55 70
42 73
99 100
21 25
44 47
59 100
19 86
37 51
78 94
18 23
28 65
7 43
83 100
24 45
24 78
7 76
1 89
6 31
54 85
73 93
11 67
18 72
92 93
10 98
43 61
38 63
80 84
70 78
76 96
48 92
84 93
40 81
21 88
5 45
12 60
91 96
95 100
96 99
35 43
47 82
84 90
90 91
92 100
6 69
86 91
61 99
87 97
77 89
51 80
11 36
53 81
95 100
4 47
82 90
36 42
13 93
50 60
48 100
37 81
98 100
79 87
94 96
59 63
8 82
51 70
92 95
40 98
46 98
60 71
53 84
60 64
23 57
8 55
75 96
54 79
90 97
42 58
76 77
1 70
68 71
96 99
12 42
98 100
55 61
12 93
84 86
40 96
36 48
49 91
35 61
60 74
64 100
81 84
31 46
78 87
41 69
90 99
32 85
31 48
80 89
28 49
49 61
83 91
58 89
83 97
86 88
42 44
49 61
29 42
79 86
37 44
59 99
57 94
10 12
8 62
28 55
1 86
17 24
67 91
45 66
47 70
85 90
58 99
27 68
36 50
39 95
90 96
95 99
39 46
1 16
76 98
47 71
42 97
54 80
43 88
96 100
96 99
86 94
39 43
19 67
76 91
27 78
25 26
78 82
6 40
57 73
51 76
37 95
86 95
26 87
32 64
60 86
8 76
41 93
86 89
99 100
46 97
54 75
96 98
77 89
43 91
27 74
22 73
43 49
90 91
91 92
26 91
30 62
82 98
93 95
75 93
86 89
61 86
29 47
37 58
10 66
64 87
55 61
48 53
57 89
36 46
8 44
93 96
46 62
40 91
90 98
53 72
44 53
65 91
58 68
47 69
40 93
1 93
86 93
62 67
19 70
18 93
31 40
71 100
99 100
25 82
71 100
36 76
86 98
16 32
43 100
1 39
81 98
8 10
57 90
68 78
13 79
63 78
10 87
68 96
25 47
3 95
74 79
16 94
70 78
96 97
84 91
43 57
90 99
59 98
6 28
41 97
72 77
14 84
92 99
67 70
2 83
60 75
33 51
51 81
5 60
15 51
76 93
92 99
73 76
56 84
64 73
30 98
76 95
37 65
26 36
19 55
60 93
6 37
80 97
78 83
42 69
96 98
16 84
35 39
82 85
16 82
63 64
53 97
52 83
20 55
50 56
50 81
76 96
72 73
44 84
3 74
82 83
89 100
89 95
35 92
18 23
82 87
30 60
4 46
72 92
73 77
3 90
57 81
72 79
10 98
49 58
1 14
70 99
66 77
87 88
24 86
24 68
18 38
86 98
42 69
58 60
28 94
20 94
10 24
17 77
96 98
19 38
21 68
1 100
18 99
90 96
6 96
93 95
9 80
54 94
8 25
75 96
36 82
36 42
48 76
27 73
26 61
71 79
87 91
15 52
60 87
81 85
59 79
67 69
63 69
51 97
4 12
39 63
76 99
77 87
84 91
66 70
17 80
22 47
90 97
99 100
28 42
37 97
31 36
30 85
9 26
90 99
11 79
9 61
45 76
72 84
4 37
44 59
12 77
84 97
96 97
88 91
81 90
32 46
42 68
17 59
98 99
85 95
80 86
94 100
59 61
42 68
61 88
18 49
70 97
68 80
42 46
63 93
98 99
37 54
84 86
10 87
5 55
42 91
35 93
48 80
62 77
7 82
86 96
90 95
79 82
80 99
35 89
52 72
85 89
22 100
23 73
33 41
22 92
66 75
68 75
72 80
17 77
82 96
78 85
14 77
42 48
24 94
56 64
31 91
61 69
50 81
93 99
61 94
68 96
59 91
48 53
16 85
7 34
84 85
10 64
84 92
87 95
97 100
58 98
19 93
73 96
85 93
3 44
16 26
80 86
21 63
11 71
73 79
41 78
23 74
24 91
46 54
64 66
1 14
65 74
86 94
90 100
83 84
33 44
65 93
21 57
44 63
68 69
86 97
45 62
4 19
37 60
91 97
45 80
26 36
74 89
49 55
1 69
4 34
33 57
23 51
72 88
25 81
2 58
44 92
70 99
32 34
37 54
59 72
24 97
65 66
53 95
68 75
18 22
97 98
28 58
51 73
38 86
51 86
65 85
83 87
91 96
9 94
81 86
33 74
14 52
6 72
42 73
53 54
72 94
13 80
12 53
59 96
44 48
9 32
86 100
86 100
1 78
31 32
4 46
45 86
54 97
31 64
50 62
61 91
21 90
97 99
53 72
2 41
41 100
80 96
61 97
81 85
14 28
95 99
7 78
74 82
5 10
25 55
63 87
95 96
39 60
94 98
91 97
80 82
94 99
46 89
58 78
46 49
69 84
92 96
63 77
46 88
42 43
64 97
38 75
5 69
28 91
45 82
37 68
44 97
1 36
84 97
22 86
4 58
27 55
10 65
24 35
34 61
74 91
25 35
99 100
85 90
6 22
83 94
72 91
90 97
69 78
66 94
63 89
26 31
69 72
35 42
5 71
55 69
23 29
78 100
47 84
81 95
18 42
46 57
53 55
61 96
40 97
64 75
68 78
26 35
97 98
48 61
97 99
78 79
35 98
94 100
55 75
84 100
27 33
62 80
6 62
47 86
67 69
45 83
94 99
71 98
41 90
31 92
64 91
16 50
80 82
38 69
63 71
31 87
21 50
60 79
27 62
83 89
33 44
74 76
70 81
71 94
43 53
57 83
41 54
28 37
46 82
74 89
87 92
5 71
7 21
64 96
89 92
53 71
36 72
13 88
95 100
83 90
75 85
1 43
33 84
20 92
48 53
59 64
15 99
37 72
15 39
95 100
35 53
87 88
2 70
16 70
44 71
13 49
28 79
31 75
17 85
48 66
19 42
52 91
4 28
8 44
96 100
73 86
77 100
64 71
71 95
42 93
62 99
11 58
15 44
15 92
44 56
11 39
14 86
5 83
84 94
40 59
27 41
11 15
3 51
8 78
17 49
41 97
63 76
76 88
70 82
16 18
38 45
58 81
11 13
68 95
59 87
5 80
2 51
22 83
69 71
86 95
23 58
62 75
38 82
52 95
50 68
94 95
89 91
81 85
11 55
89 96
5 7
23 55
39 40
15 43
6 14
22 74
3 13
51 62
45 66
34 79
34 41
10 37
68 70
24 28
34 95
14 51
63 91
58 70
75 79
94 98
15 33
76 87
86 95
50 62
18 80
58 77
22 80
12 82
8 19
74 99
24 63
79 93
56 72
24 49
75 88
64 77
69 100
61 74
31 50
99 100
59 72
11 52
36 95
54 76
19 71
66 77
47 58
27 63
72 79
78 87
22 91
24 95
15 34
36 97
10 78
35 84
45 84
25 93
22 93
85 86
84 99
81 99
88 99
88 92
72 76
29 46
20 91
69 93
68 96
7 75
23 80
88 96
25 83
80 84
43 49
50 71
56 96
49 95
60 100
97 98
91 93
28 49
94 96
93 97
19 37
23 35
91 93
90 99
16 56
5 78
90 94
88 97
58 60
47 74
91 96
81 94
34 75
75 81
97 100
87 95
30 57
86 87
55 95
68 83
12 35
68 73
72 97
40 67
89 93
94 96
34 78
65 76
78 91
17 78
97 98
37 92
31 77
43 78
77 80
46 84
72 82
93 99
21 80
41 47
19 87
62 89
64 82
73 81
73 79
48 70
88 90
27 44
28 33
83 95
45 67
43 78
37 67
47 57
87 97
22 100
85 88
67 74
78 99
20 23
40 63
9 26
83 91
37 82
97 99
48 53
65 92
76 84
11 53
41 52
52 82
13 85
2 55
71 93
94 100
27 91
71 77
85 100
21 50
46 64
89 91
25 54
69 90
63 100
72 76
41 99
8 83
39 82
53 84
84 96
53 91
2 3
33 46
13 19
57 70
28 62
23 51
47 96
5 98
13 45
74 95
49 56
76 82
25 53
97 98
66 84
15 44
58 86
61 70
73 78
74 84
55 66
89 96
94 95
46 68
33 35
38 96
23 45
97 99
89 96
59 91
17 77
66 71
99 100
65 82
91 92
72 84
92 100
55 72
93 99
90 95
29 77
57 88
63 90
35 66
51 84
42 92
89 96
13 63
32 48
24 68
47 50
75 93
11 57
53 63
19 80
52 93
3 59
1 76
19 48
73 87
20 47
17 60
80 89
81 95
54 57
90 96
58 64
31 95
66 75
94 97
93 95
71 80
54 69
5 76
84 86
19 86
8 36
26 92
35 75
22 25
63 91
91 96
94 98
6 49
21 75
57 87
81 100
8 88
75 90
80 98
2 74
1 34
24 30
85 99
44 88
6 59
53 88
20 69
71 78
88 99
29 37
93 96
1 3
44 71
62 70
11 49
60 70
69 93
69 90
84 87
45 54
28 37
16 20
45 63
52 79
91 99
44 58
26 95
12 60
84 97
4 26
47 80
96 98
96 100
48 89
81 97
23 93
1 17
38 62
8 34
45 90
48 76
17 46
52 79
22 66
56 95
83 95
19 48
91 100
77 98
57 85
9 59
12 27
64 67
4 7
18 34
7 46
14 23
90 93
36 90
88 95
7 19
88 91
21 90
75 78
27 32
88 97
67 94
87 90
76 77
96 100
60 74
39 99
64 79
11 83
20 83
13 74
6 16
95 98
24 89
26 51
84 93
38 49
35 75
78 97
17 21
93 99
91 100
93 95
99 100
17 74
13 22
44 45
45 96
83 97
70 95
64 99
9 58
91 100
56 68
54 72
89 99
70 96
37 48
66 93
39 47
46 74
98 100
77 82
40 74
23 47
71 75
63 67
82 96
37 44
51 96
37 83
21 44
99 100
96 99
99 100
28 56
33 49
32 59
57 66
25 57
88 93
14 52
37 41
7 91
54 60
9 53
92 94
55 94
49 97
42 100
86 95
29 39
7 13
38 47
71 88
57 95
44 64
54 76
51 96
11 34
23 43
94 98
32 69
60 66
84 93
16 37
62 66
27 40
95 99
18 99
58 63
16 24
57 70
22 42
17 65
39 58
19 60
41 90
17 100
29 98
70 86
33 56
13 68
34 78
24 84
39 93
99 100
3 9
86 91
18 85
90 96
62 71
16 21
55 68
55 76
72 93
65 81
81 100
68 90
77 86
14 45
46 73
28 91
41 71
92 100
13 28
77 83
71 96
83 90
16 36
98 99
24 48
26 48
18 98
7 80
10 37
82 100
53 71
19 82
76 78
28 91
54 88
29 93
77 85
89 94
71 83
49 97
40 98
5 81
73 79
52 67
6 49
46 83
45 59
97 98
73 97
45 68
57 87
44 60
18 97
95 98
45 86
53 85
98 100
53 95
51 72
77 90
60 65
17 60
79 88
33 70
24 84
92 97
10 13
66 72
48 65
63 80
30 78
7 67
97 99
19 40
27 48
2 20
92 97
1 30
86 98
45 85
37 91
17 19
73 93
89 91
47 48
48 78
91 96
50 69
62 68
45 88
43 45
89 97
39 57
7 18
68 100
97 99
44 48
60 88
79 89
52 72
15 27
8 83
68 74
71 93
33 90
71 72
20 68
54 89
65 95
37 40
98 99
2 48
99 100
62 77
32 39
38 66
74 94
89 94
69 87
5 75
75 78
37 60
48 77
53 80
51 98
89 92
23 69
18 59
82 86
58 82
6 75
83 98
68 92
43 61
76 95
35 97
77 80
78 90
87 90
94 96
3 70
62 82
58 68
49 63
88 93
81 90
51 86
65 96
64 70
13 82
42 59
87 90
49 97
23 63
72 91
30 92
47 65
48 72
91 94
49 67
38 79
62 75
84 91
11 94
51 95
41 46
90 92
40 51
20 57
2 29
9 13
60 64
34 55
35 100
86 98
16 55
73 90
27 91
99 100
93 94
37 66
67 100
21 36
15 52
42 71
40 49
74 85
31 80
32 66
13 76
75 82
96 100
59 68
99 100
59 100
33 100
54 60
24 43
1 100
80 90
91 97
58 68
19 26
37 48
37 42
63 87
62 73
83 96
79 93
2 84
98 99
97 99
56 88
45 50
71 78
55 67
65 70
78 91
61 90
19 46
61 75
69 81
25 41
16 43
41 91
48 52
24 62
99 100
18 23
60 97
44 82
98 100
80 92
14 15
95 96
63 91
41 90
8 62
11 37
81 97
74 89
56 68
16 65
1 29
37 49
96 97
5 82
24 69
76 80
77 89
87 98
4 90
37 43
52 74
40 99
13 34
32 66
35 95
24 36
8 66
34 49
72 99
8 48
87 99
19 95
80 87
74 96
24 34
26 94
73 100
7 99
89 97
85 100
93 96
71 87
77 96
48 51
14 20
83 96
92 96
88 92
27 61
63 70
49 63
12 58
42 88
73 75
41 47
31 44
37 80
52 97
9 45
43 62
32 98
32 68
89 97
93 99
24 41
35 100
55 61
19 76
21 81
76 84
39 76
82 98
67 91
35 78
51 69
4 24
44 50
23 71
76 94
60 87
67 95
42 76
63 97
91 98
73 85
23 44
6 14
83 84
81 85
55 97
99 100
37 41
58 59
3 28
97 98
39 86
58 97
11 90
44 79
98 99
58 95
95 100
10 80
89 98
76 100
25 54
96 100
71 98
82 87
84 87
43 64
1 2
87 100
33 84
11 84
29 68
30 90
42 58
65 87
86 90
45 67
25 78
31 41
57 98
22 84
58 82
54 69
41 46
48 50
80 94
28 91
94 99
42 80
88 91
32 92
77 93
76 100
11 20
39 77
67 97
77 83
82 86
12 24
72 74
28 73
92 96
4 86
28 98
45 70
29 85
22 54
89 92
55 89
8 66
2 55
94 98
45 88
87 90
51 70
33 44
9 33
79 93
92 98
85 93
84 91
32 82
87 98
70 85
66 97
13 90
49 60
56 64
22 93
78 82
50 86
80 91
76 92
26 64
99 100
43 60
3 48
35 70
31 58
88 92
90 96
95 96
60 94
90 91
98 100
29 43
33 79
99 100
6 85
88 89
74 80
98 99
41 77
50 80
4 41
39 42
1 35
99 100
55 88
56 66
63 94
86 90
74 90
89 96
73 93
92 98
14 29
76 87
36 100
61 73
99 100
33 44
75 80
36 96
5 13
36 94
2 68
70 93
92 98
77 88
52 91
39 71
60 85
16 76
21 29
22 99
63 96
7 11
82 85
89 98
27 86
33 41
96 99
70 80
53 85
8 28
10 52
97 98
6 29
82 91
26 75
58 63
81 89
18 56
88 100
21 83
85 95
71 82
28 74
49 90
71 87
51 64
13 49
12 60
86 97
62 65
81 91
69 75
94 97
46 87
60 89
55 66
91 98
1 54
70 83
42 48
6 62
96 99
25 81
97 99
87 94
64 93
10 90
25 62
83 85
91 97
57 76
94 96
2 37
89 96
96 98
54 64
63 98
55 62
3 30
41 65
40 70
19 46
33 43
70 84
78 93
79 85
38 59
12 89
21 100
29 34
76 79
64 73
97 99
63 83
7 21
1 100
21 50
77 90
69 85
15 36
58 75
52 97
58 86
52 75
2 44
32 94
77 87
22 65
11 14
75 99
87 93
7 10
56 74
13 44
33 75
48 100
47 97
78 86
69 83
32 89
41 45
32 65
63 97
51 68
48 65
68 90
96 98
62 95
17 35
24 79
37 44
27 62
15 23
46 61
19 57
39 49
85 91
86 88
94 99
43 98
5 49
45 46
79 96
42 91
22 93
24 41
89 95
80 85
78 82
67 92
53 81
34 86
25 66
75 77
27 90
65 74
24 82
25 75
83 86
90 94
37 62
57 66
97 100
11 84
4 91
72 99
16 40
47 70
99 100
97 100
16 48
54 74
90 93
50 97
45 74
27 77
75 88
81 83
61 78
92 99
4 42
17 66
45 75
85 92
96 97
77 99
12 81
21 55
43 52
88 97
6 23
42 77
94 100
81 94
83 93
69 94
34 69
77 80
76 99
22 80
45 66
56 63
63 98
43 74
61 73
26 58
99 100
95 99
2 78
63 64
57 83
58 89
3 54
50 52
45 59
8 63
29 67
3 77
15 63
78 81
74 76
72 92
56 91
22 57
49 88
52 68
77 79
51 62
60 92
57 64
79 97
59 79
71 94
3 20
9 17
49 97
57 96
57 100
5 84
28 34
37 43
97 100
35 67
6 78
7 28
40 45
6 69
69 93
48 98
67 70
82 84
53 82
34 96
35 81
72 93
89 91
13 42
69 75
15 53
57 94
87 91
62 93
49 66
1 37
77 91
28 31
71 88
59 97
72 97
78 91
78 89
57 58
68 77
63 76
3 40
9 97
94 100
8 71
30 97
90 92
27 97
38 61
9 77
8 49
90 96
85 95
43 54
51 88
46 76
90 98
78 89
38 98
69 82
87 89
65 89
43 70
11 91
73 84
24 74
11 45
50 82
75 77
82 97
64 74
33 92
89 97
20 75
94 98
97 100
28 43
69 93
39 64
89 98
31 96
41 75
54 65
62 96
85 88
11 51
61 85
62 64
19 90
1 67
95 97
13 39
81 89
53 75
29 49
71 84
31 35
85 97
94 99
82 92
81 100
35 68
80 92
16 78
55 71
93 99
36 100
96 99
22 82
25 38
36 98
11 83
14 98
74 80
57 90
16 21
45 70
62 73
30 79
22 30
5 33
65 91
79 89
74 100
43 48
90 92
53 83
9 100
42 62
27 36
45 98
13 36
83 96
97 100
89 100
55 73
88 99
82 98
60 100
20 84
61 98
51 64
50 82
13 83
1 31
56 73
30 37
69 70
24 96
39 57
12 70
37 39
55 58
8 58
89 94
55 79
16 82
5 79
61 79
20 99
95 100
71 82
53 55
32 83
16 25
85 89
23 78
36 63
69 78
96 99
44 79
49 59
68 81
48 62
99 100
71 93
58 100
81 94
33 99
91 98
31 62
30 54
15 85
69 70
22 47
8 13
77 99
15 60
1 83
73 80
46 59
56 91
36 68
87 90
56 98
85 99
62 92
64 91
59 98
95 98
26 87
93 99
12 60
15 93
18 51
69 71
54 67
11 68
4 46
94 99
82 88
99 100
26 38
74 88
95 96
28 91
12 44
1 97
43 44
57 93
45 47
22 77
52 73
16 76
52 93
97 100
42 66
64 94
59 85
47 78
35 84
21 50
34 85
79 88
38 75
95 100
30 72
16 43
35 54
3 52
2 22
93 99
39 48
60 61
21 27
63 90
60 78
77 78
73 87
71 77
38 50
36 57
44 83
30 44
73 77
48 64
87 92
72 95
50 73
12 95
92 94
1 25
29 50
47 90
27 61
16 21
51 81
24 90
78 100
40 88
10 31
74 80
69 93
23 81
19 43
92 97
74 98
35 40
67 74
28 66
15 51
51 90
62 85
58 69
47 48
22 99
56 71
51 82
30 53
32 63
66 100
22 53
93 97
38 96
74 79
62 79
80 96
10 14
25 48
79 84
84 92
46 54
97 98
96 99
73 81
80 90
81 94
64 97
96 97
79 94
21 46
41 48
88 93
24 51
65 81
78 96
50 67
77 79
92 98
74 84
23 26
47 74
29 89
35 86
51 67
24 55
52 64
3 85
25 74
20 68
84 86
91 92
23 93
82 85
69 97
95 100
29 65
9 87
42 82
92 93
47 91
36 89
80 94
29 78
97 99
23 43
49 95
3 66
3 91
22 30
28 31
18 37
57 77
40 95
27 29
45 72
97 98
74 75
94 96
53 61
38 94
54 73
5 87
41 52
14 32
55 94
42 62
45 80
3 14
8 74
62 63
45 79
36 99
95 96
52 58
53 60
96 99
32 100
65 100
84 85
99 100
35 45
57 84
29 72
75 99
80 91
98 99
94 100
19 48
52 95
83 98
52 74
48 92
71 75
15 30
58 85
30 55
13 78
87 94
67 73
11 94
21 95
58 88
41 78
24 71
96 97
91 92
24 52
88 90
83 94
12 23
31 56
90 100
39 91
23 24
8 11
66 98
89 93
32 63
77 90
51 70
73 84
51 86
84 95
34 37
79 95
85 90
23 48
94 98
60 77
24 77
39 48
20 67
44 63
88 91
46 65
20 42
28 73
7 36
4 27
27 100
62 83
40 53
96 97
72 74
16 61
21 31
3 52
71 95
38 91
64 89
35 74
77 87
3 44
77 86
89 100
26 47
37 39
47 57
65 66
80 89
48 84
20 49
82 85
46 75
24 44
70 90
79 88
85 90
32 42
54 81
4 14
16 85
2 50
52 85
87 93
92 96
90 99
94 99
13 28
84 99
48 98
85 93
60 85
33 53
54 80
97 100
51 76
1 69
53 58
72 97
67 98
9 18
78 91
95 100
72 98
55 62
56 82
64 76
8 9
28 89
96 99
41 88
84 86
10 67
83 89
96 99
57 93
48 76
42 78
40 41
87 92
44 99
89 100
31 97
97 98
4 32
90 95
90 96
6 75
88 96
85 96
87 91
58 100
53 65
5 87
21 28
32 90
63 95
85 87
83 88
50 89
10 45
62 100
24 31
60 97
12 94
44 77
75 83
13 28
87 93
93 96
99 100
27 91
43 60
82 91
90 92
37 77
25 35
30 49
89 100
41 96
68 94
42 97
67 83
17 26
35 93
28 81
14 79
36 95
36 38
11 74
92 98
74 99
41 88
17 90
9 28
90 91
74 94
62 87
40 55
9 22
7 37
27 30
68 87
77 80
20 56
99 100
3 34
24 93
78 97
35 56
75 76
94 95
66 97
82 83
39 97
75 91
28 72
2 40
44 75
9 97
92 95
74 79
5 77
96 99
79 95
2 31
54 89
87 92
3 47
75 100
87 88
50 77
53 94
65 100
90 92
39 68
70 83
60 77
54 77
50 73
3 74
22 32
81 96
51 82
63 97
15 100
77 91
13 65
54 99
27 34
32 50
24 86
94 100
75 77
80 89
86 96
36 84
5 62
66 71
13 17
51 80
67 90
72 79
91 94
25 44
89 98
60 95
62 88
31 94
37 45
84 95
58 82
82 95
53 57
87 92
47 91
88 100
96 98
8 17
60 65
85 88
55 90
46 61
6 26
62 88
58 96
35 80
60 64
71 81
67 68
99 100
77 98
21 47
67 95
92 93
41 47
71 85
23 90
24 79
45 100
96 97
49 92
79 85
41 68
51 98
45 80
28 93
70 95
19 24
37 45
7 65
98 100
44 98
89 99
5 15
26 39
60 78
18 19
32 34
87 91
94 99
79 83
65 72
42 46
69 95
62 73
1 21
50 78
87 100
46 51
72 84
37 91
6 74
68 85
79 98
40 59
93 94
62 74
82 93
55 67
83 85
93 96
98 100
57 70
5 16
81 82
79 94
12 52
5 73
2 76
82 89
83 93
65 100
80 100
18 94
20 65
96 98
83 90
94 100
27 55
21 95
83 98
52 56
35 53
51 70
15 88
71 100
50 61
46 72
18 95
83 96
91 100
62 65
76 87
59 87
16 87
86 95
35 70
88 89
36 78
61 95
3 41
51 57
19 44
95 96
58 74
63 95
71 89
57 76
16 24
28 95
26 81
70 80
15 34
57 58
90 93
73 87
59 73
94 96
14 56
92 98
77 88
13 71
13 87
82 90
43 45
14 71
6 84
64 100
99 100
1 89
23 97
48 61
72 97
49 78
9 59
43 55
53 69
60 94
10 74
57 83
92 99
98 99
52 100
82 91
64 99
33 63
2 14
65 94
25 54
35 82
23 98
69 97
56 69
4 19
8 65
24 36
1 58
39 47
7 81
59 71
79 98
36 81
46 78
29 49
2 18
42 59
23 72
19 44
56 89
14 98
94 100
48 67
96 99
60 70
60 81
55 93
12 17
71 100
18 43
65 92
80 83
33 76
20 66
59 65
18 43
35 56
10 61
15 35
9 14
60 62
49 53
46 54
26 62
64 89
30 87
22 57
38 78
42 43
76 82
81 83
5 72
81 82
38 76
34 97
61 91
11 34
56 70
35 89
82 92
18 96
38 68
66 77
47 85
75 91
99 100
99 100
77 95
41 75
9 44
34 100
76 78
53 93
14 39
44 63
41 65
4 99
48 82
91 100
78 99
12 36
41 62
44 53
91 94
72 80
2 15
68 97
70 88
2 50
95 96
19 81
55 59
67 71
11 77
10 31
96 100
1 45
3 9
72 93
1 76
4 13
40 42
10 96
60 63
42 61
30 97
28 66
77 97
24 99
24 62
56 67
67 94
63 96
31 39
63 83
54 76
39 97
97 99
56 76
57 62
34 40
83 85
57 81
55 94
63 66
35 40
86 93
49 72
95 99
23 92
16 100
1 79
53 88
90 98
23 37
70 82
5 24
78 80
19 53
37 71
45 78
33 68
79 95
1 5
62 68
17 64
51 65
82 93
90 96
85 87
49 68
6 91
57 98
75 99
45 95
62 65
1 57
59 87
37 97
75 83
1 73
2 37
13 62
42 53
72 91
94 98
97 98
64 93
64 76
88 99
90 96
70 76
35 84
98 100
79 98
25 59
20 64
14 21
67 92
16 41
85 93
78 82
52 88
47 80
72 76
75 98
30 43
1 79
23 40
84 90
53 58
96 99
2 67
34 42
99 100
40 90
92 100
42 45
17 98
50 96
97 100
42 49
64 67
82 91
15 56
94 100
23 47
36 40
99 100
90 99
20 75
45 90
28 61
39 55
20 81
67 82
31 84
41 82
11 95
48 78
27 33
58 68
76 91
84 88
39 72
60 64
60 76
59 91
96 98
67 75
9 24
87 89
31 55
69 83
13 66
24 88
52 70
45 85
24 45
79 93
15 46
66 74
71 85
9 33
75 89
75 86
54 100
98 99
33 52
74 95
33 100
34 94
53 80
79 84
97 100
57 69
98 99
76 80
29 40
15 95
16 47
57 62
50 62
83 99
38 93
49 80
58 91
97 99
67 90
25 45
50 82
51 54
29 41
7 77
30 32
96 97
36 63
52 99
10 66
25 75
28 85
34 72
95 100
33 70
99 100
97 100
58 73
89 92
19 87
22 98
92 99
70 77
31 71
48 98
71 88
97 99
48 90
14 54
75 88
55 82
30 96
57 60
18 30
98 100
53 56
31 92
56 70
49 86
64 67
80 91
90 100
78 91
18 40
23 98
46 52
73 95
9 36
13 76
48 59
1 96
89 91
91 98
84 96
42 89
75 98
28 53
50 84
37 54
32 49
41 84
82 95
98 100
58 81
16 98
92 99
15 80
54 79
7 15
60 86
55 100
70 99
20 72
50 74
44 84
53 98
96 100
80 92
32 84
74 98
71 98
11 14
59 71
47 56
28 49
90 99
92 97
30 31
31 77
15 78
61 77
17 66
63 68
57 95
79 83
23 80
26 52
90 96
48 83
42 54
51 58
2 56
54 80
7 55
83 93
91 99
54 60
34 39
61 67
48 100
37 41
42 76
74 75
36 88
89 99
80 100
23 60
46 64
38 57
27 49
46 54
45 46
78 97
80 100
59 83
17 99
1 57
42 92
59 81
77 81
92 94
79 86
32 64
92 96
37 67
84 93
33 73
68 92
91 99
10 43
71 98
45 80
64 85
6 23
71 92
65 81
61 93
27 80
19 52
35 82
42 54
48 93
8 37
70 99
47 52
46 65
60 93
38 46
15 59
85 98
43 45
71 82
95 98
81 94
67 80
88 99
43 99
58 72
79 90
84 97
92 96
84 89
34 42
20 58
41 74
9 39
59 82
90 95
94 99
75 97
11 89
92 98
21 86
26 58
4 97
67 87
74 91
90 98
47 70
39 60
24 40
73 84
49 68
37 73
53 56
11 12
26 31
4 36
60 98
34 58
84 100
95 96
37 93
6 93
2 65
69 97
44 87
47 61
88 93
51 98
61 66
64 92
39 95
4 38
38 91
41 81
69 84
66 84
21 67
39 50
48 86
97 98
79 94
73 77
2 15
91 96
10 87
80 94
23 37
95 96
29 43
71 76
58 84
3 29
61 71
74 78
80 94
39 97
2 44
65 97
57 88
40 47
82 84
80 83
97 98
4 88
8 19
26 77
93 100
46 73
92 100
67 68
45 53
32 49
83 97
6 56
75 84
1 100
61 78
52 58
29 61
75 88
40 84
75 77
64 88
61 96
46 95
42 58
28 75
30 68
91 97
55 100
17 77
97 98
28 52
62 92
30 41
77 92
94 98
62 90
10 62
33 86
49 65
99 100
67 73
15 91
89 97
41 87
93 98
79 92
55 88
41 57
60 63
2 20
32 56
2 96
14 60
73 94
27 94
9 18
47 74
88 94
38 99
63 86
62 77
16 28
19 66
97 99
27 45
60 80
14 36
81 88
7 31
9 99
99 100
13 72
95 99
71 84
97 100
95 100
30 49
96 97
86 98
9 27
84 95
85 92
95 98
60 62
67 79
94 99
86 89
26 67
92 97
11 56
21 97
83 99
46 58
34 74
26 83
26 48
33 43
36 69
31 87
66 93
20 49
2 24
2 83
33 80
61 87
71 94
62 88
41 75
10 98
66 84
2 58
70 80
21 25
87 98
70 80
5 17
37 60
26 74
57 60
92 100
72 99
45 78
67 96
60 93
66 92
46 66
71 95
34 52
40 41
40 52
59 93
49 63
37 92
88 90
62 71
34 88
43 81
40 51
83 96
97 98
7 69
54 63
95 100
84 98
35 67
16 77
43 75
44 94
84 94
25 94
24 33
60 70
39 57
88 99
52 73
86 99
70 92
91 94
26 88
60 72
91 94
58 96
64 90
10 47
92 95
98 99
42 68
44 85
72 91
46 96
14 20
32 67
45 67
79 86
14 76
69 84
46 56
32 86
57 79
35 40
21 41
92 98
19 59
30 82
99 100
89 99
5 97
8 58
60 88
62 65
9 15
93 95
80 91
25 45
59 85
81 92
75 80
13 62
49 56
37 91
28 67
15 66
57 66
65 99
97 98
6 11
54 87
85 87
22 38
45 66
1 72
83 98
9 77
83 87
27 37
52 96
9 40
44 94
1 15
20 86
82 93
98 100
92 97
70 78
47 65
25 58
11 25
46 92
20 94
56 80
41 61
37 51
42 100
18 87
64 94
65 74
89 96
50 79
61 84
45 53
80 81
16 66
14 75
46 96
57 95
1 53
80 97
26 91
72 73
1 39
69 96
64 81
37 70
92 97
97 100
79 81
87 92
92 100
32 89
35 60
15 75
10 37
27 71
23 94
92 97
78 81
37 75
53 80
93 100
79 92
32 79
14 51
87 99
53 80
85 91
31 51
31 66
98 100
61 68
4 12
43 94
57 92
85 91
37 73
73 86
85 99
93 96
61 68
43 51
15 55
88 99
29 40
94 100
4 76
64 65
18 95
12 98
67 91
28 45
96 100
35 69
8 33
10 93
4 30
63 93
18 47
55 68
93 98
40 41
81 100
7 46
84 97
30 57
60 93
76 85
81 96
89 92
67 93
4 7
99 100
6 85
25 85
94 98
62 78
46 94
14 85
62 95
97 98
79 95
9 84
40 81
17 50
87 97
4 88
93 96
77 83
75 100
19 26
14 97
43 66
44 57
2 33
96 99
21 23
85 92
8 62
21 25
94 99
34 89
81 83
97 98
36 93
19 58
8 47
14 32
15 28
7 12
69 73
78 100
89 100
26 37
73 75
23 59
81 86
76 85
82 83
27 97
47 71
39 66
18 54
98 99
32 36
58 60
63 91
67 93
11 99
18 66
47 49
46 97
16 65
9 96
17 46
94 100
56 64
76 88
99 100
63 71
20 53
64 74
50 64
22 62
67 71
31 64
86 100
82 93
10 93
73 81
11 97
8 40
77 88
25 82
24 46
3 7
71 92
41 50
20 26
99 100
8 49
79 82
75 82
27 68
44 70
60 75
16 78
68 87
99 100
20 90
84 88
6 53
57 62
51 75
84 94
51 97
57 82
25 61
17 67
68 78
73 91
4 77
4 74
79 91
81 90
49 85
96 97
62 66
17 33
5 18
76 83
28 76
10 45
75 98
40 41
92 94
22 48
86 89
69 100
39 44
54 78
42 85
97 100
56 78
61 78
57 81
50 74
74 95
35 86
87 93
89 97
82 96
88 91
41 43
29 47
41 43
22 72
79 92
45 83
69 81
74 96
13 87
85 93
35 75
69 70
63 65
38 81
19 71
43 79
40 76
19 90
76 85
58 73
87 88
23 59
79 97
12 44
19 71
77 96
49 78
26 74
50 88
76 86
78 97
27 99
9 16
1 82
35 66
11 56
36 64
32 49
63 78
2 51
73 77
50 74
55 90
86 92
46 86
19 76
35 79
53 76
18 21
55 57
3 46
99 100
46 96
97 100
90 100
42 71
22 24
45 72
85 97
6 53
93 97
99 100
57 96
7 62
83 90
87 94
61 93
14 28
83 88
64 70
32 36
5 56
51 93
26 65
72 99
12 67
81 84
77 87
16 93
46 53
69 100
20 66
88 89
15 63
62 78
4 36
54 89
32 60
2 18
80 100
41 85
1 63
46 54
32 56
72 94
98 99
85 89
3 64
61 90
41 74
42 94
5 44
17 68
41 84
57 76
15 18
18 27
45 52
73 87
63 72
89 100
65 85
91 98
5 17
53 72
95 97
28 63
79 86
82 83
16 20
46 100
62 81
24 90
85 92
90 97
95 100
24 88
19 25
91 98
16 43
34 84
57 96
76 80
62 84
7 32
17 75
50 80
72 74
77 87
37 58
76 91
73 94
32 73
6 39
37 78
50 93
70 80
76 93
86 99
8 28
44 83
74 77
92 93
20 68
92 99
85 98
55 56
63 79
65 95
40 81
25 32
41 85
25 90
75 91
7 83
95 100
43 93
90 91
45 78
1 72
83 86
89 92
96 97
54 94
73 81
13 84
2 56
46 75
59 90
47 79
32 36
24 96
51 92
39 81
26 32
32 70
56 63
77 96
20 55
57 88
99 100
81 94
59 84
45 92
29 50
58 65
2 72
16 63
13 46
67 99
1 97
54 57
18 65
52 93
89 97
4 30
88 97
78 94
37 81
37 58
90 91
46 98
5 68
13 15
68 76
91 95
82 99
27 46
72 80
86 89
17 92
49 80
77 94
10 90
20 39
44 62
93 96
19 46
76 87
81 93
56 84
4 91
31 72
36 44
17 69
26 95
60 93
70 76
5 71
49 69
40 91
11 95
85 100
59 63
98 100
10 35
11 98
64 68
50 60
84 100
49 79
86 90
25 27
63 64
2 10
46 59
78 98
5 94
12 14
21 64
1 99
5 10
64 65
8 65
95 98
1 35
62 89
60 87
63 74
50 61
98 99
19 27
62 85
12 97
15 34
28 51
58 100
98 99
44 85
39 40
66 98
32 76
46 93
6 32
74 82
71 84
24 33
59 75
62 82
43 98
33 43
76 96
91 95
45 72
75 98
36 56
8 18
50 93
87 97
57 59
5 59
91 97
98 100
31 84
99 100
28 84
99 100
37 44
72 94
17 73
82 83
48 63
14 23
49 86
70 79
19 65
47 55
95 98
46 96
69 83
41 74
24 46
50 77
50 95
17 19
11 95
81 92
95 96
27 40
41 61
76 79
66 84
40 70
90 100
82 94
80 88
3 5
3 64
12 85
27 62
86 92
47 74
88 96
71 89
33 39
63 96
81 91
50 75
71 95
8 74
22 93
44 57
43 47
64 98
11 73
52 87
93 95
63 95
19 34
42 81
66 84
75 89
62 69
89 97
74 81
96 100
75 88
12 83
71 100
27 78
70 84
85 98
93 98
24 99
79 93
43 60
7 9
55 88
87 94
76 94
28 47
31 98
51 96
6 11
40 60
32 61
11 18
50 74
90 91
13 41
78 87
83 89
85 90
6 83
27 33
76 78
62 96
7 48
55 60
20 80
53 69
42 45
48 94
48 69
35 73
35 36
19 88
44 83
76 98
51 99
46 87
23 98
49 50
39 88
87 100
21 40
56 89
41 86
95 100
53 55
25 35
18 81
1 32
77 96
98 99
38 69
6 8
27 37
10 26
66 85
49 99
47 53
47 80
37 71
64 97
7 50
6 14
13 100
21 54
7 80
24 49
33 42
66 82
66 89
12 31
51 54
35 94
9 39
66 95
58 63
60 67
25 65
66 75
89 96
75 88
29 96
65 84
25 69
82 95
92 100
71 83
75 78
35 78
89 90
3 46
56 57
90 96
97 98
45 100
43 62
51 92
11 33
87 90
27 99
6 87
30 62
48 81
44 69
41 48
41 91
93 100
2 77
53 63
80 87
29 70
87 92
40 94
94 98
97 100
71 82
88 92
74 100
53 59
81 85
40 98
90 99
21 42
88 94
47 86
8 74
49 67
61 97
25 29
90 94
54 64
13 72
75 76
91 95
40 47
37 97
12 45
35 86
13 44
35 71
68 74
81 99
83 95
22 97
86 90
82 88
58 71
28 32
9 43
22 76
10 85
79 100
39 69
45 49
46 93
77 83
7 69
77 100
58 62
52 77
5 29
27 99
60 79
18 82
31 41
75 98
15 27
3 98
98 100
61 66
46 74
75 89
51 69
42 89
46 59
53 87
54 88
50 77
57 85
2 32
76 79
36 97
48 78
19 31
62 96
97 100
81 97
12 78
87 91
93 97
67 98
50 94
7 47
52 83
91 93
22 69
80 84
58 76
53 56
64 94
2 55
38 44
70 83
88 93
98 99
23 34
86 97
89 98
31 56
3 67
56 75
44 90
73 85
67 72
20 55
97 100
85 88
42 44
75 85
33 71
63 72
94 99
18 53
40 92
94 97
46 84
86 99
54 72
84 92
64 68
86 100
95 96
75 93
37 87
8 73
92 95
57 90
40 92
21 83
93 100
59 81
97 99
66 71
60 80
36 39
18 44
34 40
60 71
35 69
23 59
25 41
35 72
53 75
67 96
2 72
58 95
84 100
44 88
28 72
92 93
50 86
70 88
95 99
17 100
21 83
73 75
33 71
51 57
22 33
54 64
17 40
71 95
27 67
43 84
50 65
4 68
46 85
36 66
44 46
8 79
88 93
34 66
81 84
55 91
28 94
52 61
64 100
88 92
40 56
25 44
57 88
66 80
37 66
2 24
8 99
1 47
90 92
20 94
70 90
81 84
38 94
81 94
92 94
86 90
72 98
93 98
19 29
77 90
36 64
23 73
57 58
84 100
74 95
21 35
42 79
88 97
10 45
35 100
96 99
66 84
75 79
22 47
56 93
54 72
52 73
32 47
8 59
70 81
86 97
95 97
91 92
52 72
2 41
80 97
16 63
48 97
88 95
57 98
34 75
35 40
90 99
31 96
25 96
90 92
69 98
76 79
58 83
72 89
68 72
55 94
42 70
76 81
56 81
16 47
65 78
83 95
53 95
89 93
22 95
99 100
60 85
68 85
24 92
74 87
60 88
68 76
6 16
16 93
14 17
90 99
7 26
81 84
42 86
57 97
55 93
72 91
98 100
45 80
25 63
2 73
25 47
1 5
91 92
53 95
95 99
40 56
68 100
34 70
51 65
50 89
32 87
9 13
16 36
58 76
40 68
19 45
9 97
6 30
28 38
98 100
36 40
99 100
99 100
69 83
74 99
55 81
4 94
27 62
41 76
24 44
95 100
15 73
51 72
9 90
90 97
82 91
61 86
75 95
3 53
35 42
2 13
36 50
68 84
70 99
4 51
35 66
64 81
99 100
92 98
8 50
2 25
57 94
95 99
44 62
24 44
4 31
21 30
25 82
74 97
3 51
24 75
53 60
66 67
5 10
67 88
68 76
30 91
98 99
64 68
54 55
55 63
65 92
17 70
26 90
12 41
8 27
25 51
17 27
69 85
83 94
7 97
35 93
93 100
3 75
84 91
28 44
39 71
36 81
66 73
17 75
23 58
96 99
25 95
30 87
86 100
12 29
44 78
18 39
54 95
86 98
71 78
57 64
62 73
52 92
50 85
45 56
91 97
94 99
35 91
73 86
80 91
86 96
1 72
3 11
22 28
93 98
39 68
9 52
59 85
71 98
42 69
31 94
54 89
55 74
68 86
97 99
57 81
27 58
2 50
44 93
54 71
82 91
96 99
18 22
11 23
74 97
14 75
67 83
88 91
51 90
33 64
25 97
71 94
74 80
66 83
72 87
55 100
40 99
52 62
93 100
44 84
64 99
33 90
18 61
24 27
76 84
34 49
51 80
25 88
92 98
12 91
86 96
74 86
70 88
6 31
17 18
36 86
62 94
64 81
20 86
33 48
50 88
72 73
41 44
65 79
64 99
52 59
58 76
10 51
3 84
60 88
40 64
7 61
17 99
72 74
78 82
37 58
9 98
49 98
33 61
89 94
98 100
96 98
32 86
6 47
84 91
12 71
86 95
25 46
93 98
12 56
77 95
5 51
14 49
56 66
39 76
39 80
23 70
52 74
23 25
54 74
90 91
54 90
53 74
7 43
83 89
41 54
65 81
50 74
49 81
88 90
40 96
1 92
87 99
25 82
20 43
92 96
11 68
80 86
8 41
16 24
97 100
14 83
66 84
34 57
17 94
35 64
90 92
13 34
64 92
15 48
80 89
8 79
63 74
75 82
90 100
58 67
68 71
76 84
74 82
67 97
44 86
81 92
16 44
57 77
49 91
19 70
36 73
29 93
84 97
26 78
14 16
92 95
51 54
76 86
60 65
3 71
80 86
12 35
13 57
63 99
56 68
34 90
92 93
35 75
33 44
12 56
59 70
21 72
24 87
59 68
61 100
43 59
92 97
5 73
53 95
8 61
25 67
49 63
22 58
53 72
89 97
12 55
84 100
93 96
85 100
62 72
88 99
38 40
75 87
38 46
77 85
13 20
15 54
55 97
72 90
56 74
58 64
4 11
17 79
7 85
55 67
24 43
24 59
84 92
42 95
85 96
98 100
51 81
8 33
37 90
62 77
62 78
62 93
55 72
55 59
4 83
76 85
76 77
22 100
23 27
26 67
17 63
2 87
37 49
7 21
76 88
83 99
38 96
48 82
39 58
69 71
77 79
15 65
53 85
12 72
45 65
88 100
99 100
45 94
37 38
37 74
52 71
97 98
96 98
86 88
19 83
4 36
62 67
56 64
79 83
90 100
87 94
6 25
98 99
56 57
59 78
47 63
41 79
39 76
98 100
64 94
59 88
73 84
43 84
9 61
80 83
29 35
32 90
79 80
76 84
37 94
64 72
5 33
16 47
15 69
50 61
96 99
19 92
65 74
53 85
2 13
77 87
67 92
10 99
34 92
87 97
59 75
54 77
3 86
46 50
3 45
6 79
16 52
53 75
37 53
67 89
87 90
89 93
22 36
99 100
14 35
90 92
68 93
80 90
51 59
1 50
52 92
65 95
78 80
17 65
19 57
13 99
40 53
31 39
78 79
23 89
85 93
35 71
80 95
44 52
88 96
39 78
85 98
77 97
63 70
61 87
16 31
60 80
56 77
14 60
94 98
52 89
38 91
71 92
85 90
87 100
69 77
24 40
98 100
34 92
68 71
32 42
98 99
29 60
53 82
48 51
99 100
5 27
81 92
43 82
41 87
4 24
73 85
14 73
53 77
79 87
15 37
73 89
16 20
84 99
69 81
37 59
95 97
46 57
50 65
94 100
80 85
33 76
99 100
60 73
90 99
1 14
49 54
26 98
84 95
39 77
67 75
85 90
57 65
87 96
96 100
64 75
8 58
58 70
70 91
16 94
18 44
33 38
34 57
28 51
95 96
51 88
31 36
92 94
28 41
86 100
96 97
88 97
98 99
15 69
32 43
30 98
16 19
57 97
56 69
13 66
10 64
28 67
62 96
54 81
25 100
50 77
51 72
1 39
2 51
81 91
48 78
43 69
41 47
5 93
26 98
15 99
61 62
21 23
91 96
62 71
39 74
29 92
76 94
29 54
35 93
83 95
9 94
1 94
16 46
47 78
75 84
60 72
55 57
32 81
67 84
10 23
30 83
24 48
17 57
3 83
90 100
95 96
22 78
40 41
37 83
10 39
54 61
73 99
70 82
7 81
58 99
82 88
31 76
79 81
35 55
45 55
32 66
37 39
21 41
97 98
75 88
62 90
40 51
79 100
54 65
38 45
59 83
63 68
47 87
87 91
19 20
74 100
94 96
76 90
58 88
4 63
70 85
19 30
28 91
95 96
29 82
68 73
83 98
33 74
54 67
89 91
72 78
12 22
85 97
26 38
11 24
88 91
33 49
45 62
37 40
37 64
86 88
84 89
68 76
70 94
3 71
72 98
28 88
67 69
83 97
47 82
73 76
78 99
51 56
49 57
8 60
18 83
93 97
19 26
70 97
49 60
10 50
69 91
35 93
57 60
39 55
47 52
67 69
96 97
79 91
88 96
1 75
47 81
85 89
55 57
72 75
42 61
70 90
60 79
67 73
84 88
76 79
81 90
34 100
61 94
45 77
67 72
2 18
32 81
72 97
20 62
74 85
16 75
48 83
70 85
19 89
58 76
88 98
51 83
33 71
91 97
49 55
36 85
16 82
75 95
32 95
87 91
1 85
36 99
77 97
77 92
8 71
77 90
42 51
5 93
54 98
97 100
63 80
93 95
69 94
77 99
21 32
81 82
97 98
63 71
69 98
2 42
72 82
43 96
75 87
37 43
1 32
93 96
32 74
80 82
16 91
35 98
59 77
69 91
32 76
59 87
1 67
8 87
73 99
48 72
1 70
90 98
2 68
84 89
71 73
92 97
25 38
43 88
46 97
66 90
94 96
77 85
24 49
14 78
93 100
86 92
97 98
53 69
9 82
74 97
67 91
64 79
88 95
