7169
43 54
91 98
83 99
80 85
74 96
20 74
19 22
21 54
17 43
28 97
91 95
27 54
34 90
50 91
69 94
68 81
77 94
35 89
52 61
91 97
27 57
85 95
64 85
36 72
28 33
69 87
36 53
60 91
16 94
33 82
65 74
30 54
26 38
98 100
80 94
20 39
89 99
38 90
71 84
79 96
25 41
52 58
30 59
3 80
3 62
20 50
55 58
73 92
13 87
50 100
67 79
12 75
9 42
11 27
96 97
95 96
45 49
47 76
58 88
71 87
99 100
92 95
28 54
64 72
85 98
61 81
84 86
57 97
46 52
34 50
64 91
71 82
44 82
23 27
80 94
32 51
31 32
30 62
46 92
16 25
13 41
98 99
74 85
91 92
90 92
37 49
73 89
45 88
3 33
42 96
24 50
94 98
46 60
9 54
45 92
89 95
83 99
23 92
53 57
2 49
48 50
42 58
95 97
1 89
22 96
67 95
89 100
17 88
12 30
2 4
33 77
90 99
13 14
94 99
7 81
18 42
50 81
70 93
72 83
68 74
23 97
55 59
51 92
2 57
19 36
78 85
84 85
74 95
31 95
70 85
92 93
18 49
49 77
43 57
18 71
23 41
53 58
63 99
52 58
4 22
82 84
7 19
51 76
39 81
95 97
4 19
43 50
26 60
17 79
72 78
19 97
91 94
78 96
40 56
9 19
18 61
36 56
47 83
55 67
35 39
84 98
43 51
60 68
14 84
52 61
72 95
31 81
44 88
88 97
37 48
11 28
91 100
38 64
64 87
90 91
54 95
97 98
39 86
18 42
2 25
69 93
50 70
87 96
97 99
92 95
98 100
18 40
17 95
64 65
11 91
23 90
40 83
57 79
33 38
62 89
54 81
11 81
12 36
86 94
18 98
23 72
67 81
61 92
31 93
16 76
45 80
88 93
79 85
5 84
67 95
13 40
84 90
37 80
62 77
4 37
18 39
35 96
81 87
46 89
22 47
18 42
16 62
99 100
8 84
7 58
78 98
56 100
50 90
30 46
96 97
83 91
52 80
6 61
79 83
47 85
20 40
12 19
71 81
35 68
8 27
50 51
1 29
58 85
58 64
96 100
15 94
44 82
29 73
31 64
92 100
13 82
7 44
63 85
56 59
48 98
7 24
44 64
68 77
50 94
61 93
63 76
9 68
73 75
99 100
32 56
51 72
62 88
8 59
62 89
13 57
65 100
79 95
21 72
7 27
37 89
59 75
78 95
69 70
33 54
63 90
51 78
82 93
87 96
96 98
18 54
80 97
83 90
52 99
30 73
43 93
97 98
1 11
14 17
83 97
56 59
67 77
52 59
10 84
52 75
92 98
62 70
91 94
69 96
90 94
49 89
98 99
80 96
76 91
61 70
33 70
47 71
2 85
21 42
54 78
91 92
65 94
47 81
82 97
65 83
13 85
73 93
92 95
9 45
29 98
35 78
2 50
83 89
8 16
62 94
33 85
11 19
26 29
51 69
78 81
84 97
82 98
22 30
40 100
71 99
44 97
72 96
64 78
12 87
73 82
8 98
60 85
91 97
37 57
68 69
9 23
10 19
8 11
35 41
56 69
37 70
58 72
31 65
97 98
55 84
30 46
9 81
47 60
82 96
5 11
20 75
93 95
97 98
47 85
74 95
47 51
41 86
50 89
91 97
71 80
4 45
59 91
39 100
2 69
8 60
84 85
46 95
55 61
78 98
4 74
23 59
23 47
91 97
50 90
56 69
55 80
21 23
88 91
91 98
29 31
61 85
78 100
11 100
9 26
50 63
29 92
89 93
84 92
71 93
31 76
48 93
14 67
45 64
89 90
83 87
32 49
10 40
33 48
96 100
68 85
85 91
19 51
99 100
33 79
30 65
16 27
13 43
8 77
83 91
85 95
56 92
8 47
91 96
45 77
15 53
44 74
27 38
19 61
5 9
66 74
93 96
71 87
20 24
97 98
15 86
44 45
67 89
52 74
17 85
57 95
88 100
43 98
92 96
20 75
73 91
76 95
57 77
17 47
57 81
39 59
91 99
79 100
1 4
58 70
68 100
56 59
72 80
70 93
67 90
60 69
3 91
56 60
90 92
11 15
35 57
82 86
37 82
53 87
59 98
15 69
97 98
79 89
35 66
26 35
14 51
27 97
6 94
92 94
31 48
64 89
89 96
81 87
47 57
74 81
71 75
9 62
34 100
9 89
75 95
8 20
60 88
47 86
20 30
71 94
92 96
33 79
73 98
78 94
87 97
96 98
83 95
22 63
73 80
73 95
5 29
13 39
12 93
5 65
4 49
71 86
58 59
20 83
64 81
18 86
99 100
25 59
67 84
36 73
84 94
52 100
64 91
30 35
42 63
22 84
41 76
73 96
83 88
76 87
63 85
42 53
92 94
6 60
13 38
27 52
11 43
66 98
13 38
49 56
99 100
73 91
31 71
53 100
95 100
96 100
87 88
84 98
50 56
37 50
35 70
67 71
65 94
85 96
31 50
55 69
2 56
76 94
99 100
79 89
92 100
26 57
82 83
81 91
27 72
61 90
70 74
29 30
31 71
28 31
24 95
31 48
41 64
98 99
94 95
24 75
49 82
55 94
12 74
61 87
49 67
67 87
73 83
80 96
67 75
58 70
18 71
55 81
78 99
54 92
83 87
52 85
5 65
20 51
61 65
55 78
17 91
92 94
26 98
83 90
3 14
85 95
57 92
5 34
48 98
1 75
56 85
28 91
76 79
6 47
41 72
84 90
97 99
20 55
28 94
1 45
38 53
69 100
14 25
52 87
58 71
47 84
25 36
9 62
50 76
44 87
78 99
73 74
36 80
78 92
4 44
90 94
46 63
13 82
77 93
66 84
85 86
45 69
26 91
52 90
83 89
12 75
27 96
37 88
46 74
49 50
97 99
7 29
71 75
67 82
60 81
14 60
80 82
97 98
12 42
12 44
10 34
34 86
61 85
91 98
12 98
52 73
76 83
3 98
30 97
32 33
1 44
60 83
64 93
52 67
61 78
37 81
29 97
83 89
75 85
50 83
94 97
60 70
29 94
27 29
11 65
51 72
51 85
64 96
33 83
1 67
75 82
75 87
17 52
76 77
89 98
21 56
21 88
91 98
66 80
24 45
73 90
18 97
92 98
83 95
49 69
87 100
75 100
72 95
19 35
82 97
40 44
10 34
93 97
11 64
20 24
36 76
50 97
70 71
25 84
73 82
52 73
97 98
3 57
67 80
53 75
10 36
89 93
18 91
86 94
29 74
45 73
3 73
46 76
94 95
69 97
83 96
52 90
69 73
25 45
97 100
10 30
21 68
24 39
47 84
44 99
5 85
18 88
62 97
35 61
24 91
73 79
61 80
29 91
81 90
29 30
98 100
50 92
19 25
44 84
92 98
84 87
43 57
36 61
45 81
65 91
37 60
99 100
53 68
37 75
64 94
23 50
3 18
9 33
59 83
80 88
47 69
97 98
96 97
20 91
81 95
58 59
60 97
38 77
99 100
1 43
94 96
38 70
36 87
89 94
41 92
79 96
1 18
42 84
64 90
11 34
1 57
4 68
67 81
97 100
40 56
17 98
92 96
28 55
26 37
72 91
11 31
14 77
42 54
53 87
91 93
74 95
23 56
66 94
79 90
11 25
9 87
54 63
31 78
66 85
93 96
4 36
61 95
74 99
54 68
34 58
73 90
93 100
71 93
80 96
61 97
29 44
39 77
54 66
22 66
50 52
59 82
7 9
35 80
77 79
17 59
61 95
47 56
77 86
63 100
51 62
30 69
32 55
61 94
28 57
31 100
97 100
36 89
73 93
19 92
58 62
9 33
85 91
1 62
54 96
12 72
61 86
43 50
13 17
98 99
62 88
67 87
49 88
39 51
69 71
45 87
75 76
4 84
25 33
66 84
77 96
29 100
59 81
10 83
92 95
75 98
12 94
89 100
67 94
78 93
32 96
97 99
10 25
73 90
72 86
26 82
18 23
22 42
68 77
84 94
12 45
12 82
5 90
99 100
36 68
59 75
67 73
3 6
61 94
86 100
92 97
6 45
72 83
96 100
83 92
69 81
33 86
23 93
42 100
49 56
60 99
84 93
59 94
35 70
56 65
8 72
21 44
79 83
55 88
54 92
71 75
13 24
44 90
25 53
93 97
34 87
68 74
56 60
58 87
18 73
39 92
99 100
64 94
70 87
7 93
94 100
69 96
8 22
48 52
27 40
7 11
2 85
12 97
69 90
89 94
19 54
77 92
19 32
4 5
43 83
88 100
12 80
87 93
97 100
74 83
35 85
93 96
41 63
59 68
20 70
48 68
52 62
62 97
23 99
92 94
14 39
82 95
99 100
10 21
73 80
75 87
55 61
44 53
90 96
5 88
97 100
3 87
82 96
3 39
65 100
50 72
45 95
92 93
46 70
87 99
67 71
21 99
87 90
17 91
36 51
65 66
91 92
92 97
19 32
33 73
93 94
76 84
44 49
45 46
39 62
50 97
64 86
7 39
30 39
42 61
9 13
77 85
85 98
32 48
16 75
10 90
55 85
36 49
66 100
87 89
59 77
91 97
93 95
49 82
78 89
26 38
87 98
99 100
59 75
1 34
77 98
9 27
94 98
67 88
14 36
90 96
88 94
83 97
32 63
84 94
24 96
40 68
98 99
14 56
93 95
57 78
53 81
28 57
49 53
82 98
37 53
46 75
4 50
67 76
2 43
74 94
53 89
34 88
13 92
21 50
64 79
28 82
41 63
89 97
57 64
65 66
31 39
67 83
78 93
57 78
73 92
99 100
54 60
25 45
52 93
47 79
41 45
12 44
83 95
36 49
52 53
69 91
38 95
90 94
81 83
35 70
65 78
64 100
9 33
5 9
82 83
38 69
94 96
81 91
70 78
31 40
66 84
22 46
48 87
74 94
82 96
61 63
39 87
93 94
94 96
35 98
14 61
64 89
89 93
78 85
40 51
61 67
26 91
21 63
98 99
95 99
44 53
64 84
8 55
34 85
88 89
51 76
10 39
14 23
90 96
18 70
76 82
36 42
55 82
36 59
73 99
56 85
30 58
43 60
27 83
56 68
65 79
59 65
76 93
98 100
56 70
87 90
12 39
83 94
75 77
11 38
2 50
81 99
95 97
73 79
3 62
50 83
91 92
37 72
65 84
54 79
42 52
45 62
23 89
59 83
7 89
60 84
60 98
14 55
96 100
97 100
85 98
29 36
37 68
34 64
80 96
36 85
3 32
20 78
34 65
33 36
62 87
68 74
73 94
21 28
85 88
32 66
74 94
29 53
62 72
73 94
67 75
22 93
88 94
17 26
19 61
3 94
54 63
93 96
13 55
91 99
12 98
66 99
16 65
5 15
29 62
48 70
21 62
12 13
46 54
10 64
94 96
85 98
92 94
66 87
96 97
36 41
18 47
59 60
98 100
36 71
96 98
25 95
82 99
26 52
20 34
44 49
27 68
21 59
82 87
87 89
89 95
88 90
50 72
45 94
64 91
23 90
16 54
40 64
39 82
11 41
50 82
38 78
28 33
72 98
25 45
32 82
2 78
2 52
44 94
27 54
98 100
88 95
39 62
5 41
28 70
28 72
75 82
81 85
58 66
20 81
23 42
42 57
92 100
51 52
39 99
78 88
33 46
75 91
16 95
98 99
29 68
67 89
29 53
36 100
23 81
70 71
70 76
39 64
67 68
38 97
67 80
50 60
46 82
51 70
88 97
75 92
72 95
36 91
44 76
36 73
75 94
49 82
60 86
9 28
79 87
78 79
57 67
61 67
68 76
4 22
1 88
61 88
32 61
65 95
48 96
85 90
14 48
9 90
84 98
14 59
25 98
17 99
38 49
1 10
68 83
42 79
88 90
51 98
33 53
10 51
66 85
64 97
87 93
16 65
29 49
86 94
53 82
17 24
32 53
36 40
70 85
99 100
90 94
15 48
43 71
43 93
22 41
19 37
89 96
65 92
76 83
33 80
55 80
63 86
59 71
99 100
38 42
28 91
37 54
92 99
78 81
61 77
33 47
73 86
59 96
72 99
9 87
28 51
72 84
64 89
37 96
98 99
87 89
3 45
57 78
97 100
3 23
81 89
15 48
19 64
84 96
71 100
5 99
21 81
88 93
48 51
82 88
12 42
78 95
22 91
76 86
15 76
26 75
48 86
80 100
21 49
1 62
23 92
36 56
33 70
39 59
66 96
5 57
92 100
20 57
5 85
21 72
99 100
5 29
19 32
41 57
16 100
86 89
4 80
77 86
54 84
4 78
93 97
12 30
61 69
64 98
92 98
7 62
80 98
44 84
81 88
2 51
13 76
71 76
19 94
95 100
50 65
10 39
23 38
9 10
12 97
15 50
48 84
53 66
57 99
92 94
40 51
67 91
91 94
31 62
91 94
54 64
57 62
32 40
73 93
96 98
14 92
21 32
55 76
71 92
3 22
49 91
22 74
36 47
6 19
86 92
67 95
16 77
83 89
89 94
80 82
76 92
3 65
73 74
22 28
73 89
59 65
58 70
77 100
6 81
78 92
6 90
14 73
42 99
7 29
53 97
8 81
41 96
89 97
19 30
75 78
67 87
44 59
10 13
78 80
70 96
7 92
6 9
20 29
84 91
80 97
35 57
37 98
85 86
58 80
45 61
68 86
55 98
44 52
44 51
18 92
22 25
59 63
46 65
97 100
98 100
27 44
97 99
72 98
97 98
59 79
85 87
72 75
38 75
19 98
44 89
11 46
47 96
74 85
39 88
80 82
34 67
43 51
50 89
39 55
64 81
22 100
25 65
79 95
17 54
99 100
43 48
94 100
31 36
64 76
40 87
24 79
35 76
94 99
47 53
87 88
67 77
42 68
94 99
9 66
83 87
88 92
19 74
30 38
55 84
13 40
51 66
5 28
46 82
23 90
89 99
85 97
87 97
88 100
66 99
96 97
30 37
62 76
97 99
94 100
97 100
75 81
23 86
20 41
8 75
36 87
30 93
25 57
2 14
6 48
67 85
3 86
47 57
67 74
53 87
95 99
33 99
80 88
51 82
93 98
55 61
19 98
59 81
22 83
83 91
5 91
66 68
9 79
17 51
22 31
3 88
53 57
35 90
25 50
81 85
66 76
26 62
25 40
26 91
9 73
4 90
70 71
80 84
20 61
25 50
18 52
13 66
17 73
72 78
83 89
2 16
2 46
46 59
81 85
16 89
47 69
30 32
60 95
74 97
59 71
47 72
17 76
97 98
53 100
10 39
95 97
51 58
89 97
47 56
87 90
67 74
12 13
26 93
6 59
58 65
75 95
63 97
53 89
18 30
53 99
12 97
78 98
15 16
34 90
50 75
13 99
63 67
7 75
54 88
4 67
88 92
38 63
42 43
34 100
78 98
31 56
36 39
18 70
21 99
68 74
80 99
99 100
33 72
55 88
70 81
31 35
72 91
38 86
56 68
37 72
35 90
18 75
40 61
73 95
50 54
43 64
52 98
62 86
56 96
1 41
31 43
29 42
59 73
88 91
72 77
13 70
86 87
70 79
76 95
74 96
26 87
33 93
83 99
86 91
55 93
12 92
88 91
15 31
47 59
23 99
53 95
81 99
81 95
67 91
97 100
24 82
21 52
33 99
85 95
31 82
2 76
75 84
90 100
77 99
84 100
98 99
59 93
40 61
13 29
8 92
48 95
95 99
53 84
60 71
65 97
25 42
12 45
4 9
82 91
77 95
59 93
94 99
47 100
51 62
25 91
13 75
74 87
37 69
88 96
56 64
31 64
69 78
52 92
29 43
8 9
46 63
13 21
12 34
72 79
53 80
4 37
28 54
15 96
66 78
38 79
81 85
85 90
38 72
35 65
5 41
6 98
88 90
31 32
72 100
85 97
57 88
84 91
15 46
10 92
71 81
62 97
18 49
25 96
78 92
16 30
7 33
12 67
78 95
45 70
19 61
34 56
42 96
50 80
64 94
91 93
15 91
67 87
73 83
49 66
4 32
3 64
36 78
59 98
65 95
36 51
20 66
63 81
64 91
28 100
82 87
93 98
31 85
8 23
72 80
51 59
8 62
47 65
10 34
78 90
69 79
30 59
61 65
15 25
45 48
93 98
3 16
43 55
26 47
79 99
64 81
19 32
48 87
48 67
70 90
95 100
79 96
99 100
53 60
27 59
83 97
71 89
75 95
65 89
75 76
32 38
21 79
40 59
58 63
51 59
80 83
35 97
61 91
64 65
28 36
35 54
49 76
30 90
77 92
81 88
29 69
59 90
36 84
99 100
44 97
49 74
30 74
17 76
50 59
92 96
40 80
72 87
80 97
83 97
5 62
14 51
10 47
99 100
21 92
77 89
81 98
81 98
21 36
58 75
51 68
99 100
63 71
66 83
91 100
98 100
76 91
76 100
8 91
42 48
13 39
52 63
19 82
37 39
87 100
74 86
44 55
43 89
96 100
45 72
67 76
83 93
31 60
80 99
90 93
22 29
71 82
96 99
77 86
46 52
78 95
76 80
81 89
34 44
57 70
30 73
62 99
94 100
31 55
37 99
93 98
17 74
76 92
82 92
48 83
91 92
66 86
71 75
83 96
24 59
88 99
41 76
7 78
37 38
61 91
53 87
26 74
58 69
29 87
79 89
95 99
98 99
46 53
65 95
46 80
16 63
51 79
95 98
98 99
59 71
29 70
32 72
67 82
19 71
55 96
51 72
57 80
44 48
37 59
60 92
37 79
58 67
32 72
7 98
11 61
62 91
58 66
73 91
71 73
23 77
97 100
59 98
38 63
46 63
76 96
53 67
92 95
45 50
36 71
84 88
88 99
87 91
3 37
74 82
61 92
36 92
27 65
65 82
20 94
74 76
24 94
41 82
23 78
20 63
93 99
37 66
45 97
27 30
32 38
29 38
35 54
75 88
31 86
22 71
56 79
42 79
63 70
17 89
12 21
70 99
52 77
68 83
69 72
20 38
39 71
29 51
59 81
2 59
22 93
83 85
65 80
12 56
98 99
69 90
12 92
34 61
88 97
79 81
21 86
50 96
40 73
61 66
73 99
28 86
32 68
99 100
47 73
91 95
55 96
83 97
50 93
90 97
93 97
67 70
30 62
50 82
71 100
10 65
89 95
6 62
17 88
15 31
67 98
37 95
82 88
45 79
23 48
73 84
83 93
28 91
2 19
97 98
93 96
58 61
92 96
42 69
53 71
74 92
64 65
51 64
51 89
31 69
99 100
55 63
97 99
52 66
10 35
21 86
86 96
83 98
37 57
83 100
41 80
18 22
50 99
81 89
51 60
19 70
24 64
62 82
95 99
29 89
1 92
90 97
53 67
60 78
50 92
30 47
1 83
81 99
8 60
25 47
96 98
83 85
8 15
63 65
59 66
44 62
94 98
25 75
19 77
62 97
31 97
22 28
73 94
99 100
91 94
24 72
24 92
96 100
36 78
76 89
90 91
79 92
81 89
92 93
29 95
57 61
53 100
52 95
26 73
3 7
29 89
69 80
89 94
22 81
66 85
64 86
16 41
14 15
23 64
6 53
52 89
12 97
56 61
55 91
44 73
19 60
16 33
96 99
75 91
27 69
29 33
38 78
84 85
25 76
55 67
24 41
78 88
89 98
57 75
20 37
35 70
72 81
26 98
89 97
79 90
72 98
21 34
54 69
62 65
83 97
84 91
54 74
22 62
48 76
42 96
73 78
30 52
85 89
99 100
77 95
25 50
15 85
19 58
21 50
42 82
60 67
88 99
50 59
15 19
45 61
70 79
95 99
80 91
75 99
51 92
39 87
60 94
11 94
66 85
86 89
37 97
22 94
16 45
15 47
14 45
33 80
71 77
11 26
60 89
56 93
67 99
97 98
50 99
12 29
78 96
50 53
81 86
32 51
90 96
92 98
96 97
63 74
48 96
90 99
65 88
42 94
5 35
25 80
81 95
64 79
45 100
57 90
34 60
51 61
5 50
79 80
62 66
83 88
75 86
54 97
14 51
40 94
95 100
38 48
68 74
18 48
26 86
99 100
70 96
36 68
27 48
17 74
34 75
37 93
99 100
66 95
44 58
57 97
38 98
3 32
41 61
12 53
53 77
16 56
90 91
42 90
91 98
91 95
52 74
63 71
37 72
41 86
18 69
95 97
9 92
28 98
53 82
87 94
31 68
93 98
21 38
20 61
9 44
40 100
85 95
2 77
80 96
34 71
20 53
55 88
50 68
76 96
84 94
79 97
34 44
62 87
3 12
16 25
62 64
43 82
19 40
87 99
87 92
55 71
54 59
31 40
82 96
49 77
30 61
21 88
12 22
5 65
2 85
76 87
2 30
31 65
63 83
49 97
95 96
56 68
48 62
18 28
93 97
1 32
11 56
44 74
83 94
46 75
8 16
43 85
55 83
78 95
48 100
19 42
9 65
37 76
49 65
5 43
44 91
31 49
68 98
72 84
38 91
59 94
29 94
53 73
18 86
8 55
26 52
21 24
5 50
44 68
30 32
78 79
67 78
83 92
67 86
33 46
43 54
64 96
98 99
44 60
59 67
88 91
72 76
75 95
32 92
70 95
82 100
25 40
67 69
53 78
92 100
44 59
31 77
28 97
68 69
47 78
19 69
38 55
84 95
3 17
14 43
58 74
21 35
23 64
22 96
77 86
51 71
23 39
10 59
66 95
17 81
90 94
11 24
17 53
79 80
20 85
40 43
92 95
82 97
50 91
78 97
46 63
73 79
85 95
57 67
38 50
37 59
2 96
19 96
38 65
98 99
37 52
78 91
10 52
24 68
81 90
59 70
90 98
10 50
42 57
26 52
52 70
51 74
3 34
99 100
57 99
3 54
66 77
64 96
89 93
27 28
89 99
54 73
90 100
34 35
2 55
38 76
63 98
99 100
14 92
81 86
77 78
76 81
12 88
8 62
61 89
93 99
39 60
28 100
74 93
42 47
68 89
87 89
71 87
46 82
51 96
64 65
50 98
26 42
80 93
86 92
99 100
47 53
98 100
19 81
17 75
47 98
43 68
42 86
25 91
74 85
30 95
20 82
72 93
80 87
68 86
55 76
25 49
33 36
30 46
32 98
38 67
92 95
25 60
38 44
21 78
91 97
59 71
91 92
90 94
87 89
76 95
38 62
8 75
19 43
90 91
47 93
5 41
36 50
12 67
87 89
99 100
26 54
47 89
95 99
93 99
19 79
95 99
31 52
62 86
95 100
37 43
18 79
34 99
61 87
93 99
72 92
51 95
28 100
94 98
19 79
20 74
69 70
19 59
2 74
51 71
72 95
20 76
66 69
86 98
71 100
61 67
45 71
11 24
69 76
8 71
23 95
54 65
53 87
32 71
91 96
82 89
84 94
92 98
88 91
69 90
93 94
98 100
34 92
61 77
47 99
81 97
37 90
31 99
8 97
22 42
10 18
15 40
86 91
96 99
51 65
39 99
76 99
91 100
34 90
32 56
74 76
10 74
64 75
26 86
91 92
69 97
41 75
50 99
56 61
79 91
94 100
97 98
88 100
19 80
17 68
98 99
89 91
87 93
81 88
67 74
86 91
51 83
42 63
38 73
89 94
78 90
28 80
94 95
23 84
57 92
24 65
86 98
54 78
99 100
35 64
25 34
95 97
45 66
39 98
74 97
10 63
33 43
36 86
26 85
93 96
80 84
68 90
65 90
48 65
35 57
41 59
21 79
43 67
22 93
31 89
4 97
59 64
74 82
72 91
34 52
36 77
59 100
33 96
51 76
76 88
73 75
93 96
20 70
74 84
51 69
91 99
18 41
4 83
36 41
62 87
8 22
6 92
60 93
78 94
8 16
63 100
94 98
55 56
35 62
59 71
97 98
60 97
52 81
27 44
44 50
8 37
85 97
84 87
49 52
32 39
47 96
57 80
75 80
58 97
27 100
88 92
25 86
54 58
91 99
39 80
22 97
76 98
50 83
72 73
86 91
93 99
25 68
26 94
88 98
10 100
3 59
72 79
91 97
60 72
68 70
69 90
92 94
12 57
32 86
92 95
31 35
39 61
49 68
62 63
3 77
88 100
16 98
47 88
57 58
36 79
57 77
70 81
73 78
28 79
7 44
91 99
36 97
10 80
68 91
76 94
86 97
44 100
66 83
67 97
72 82
13 28
87 94
15 81
80 91
10 48
1 72
33 79
54 90
24 41
82 98
8 26
1 79
98 99
3 69
11 28
87 92
91 97
27 28
1 56
26 38
17 33
84 94
10 56
35 92
69 80
35 86
9 10
8 76
46 94
19 28
76 84
51 100
49 97
96 99
44 79
16 60
77 79
75 81
29 59
23 92
6 39
19 48
59 87
65 78
52 56
56 68
88 89
6 76
30 61
61 100
84 96
59 66
93 94
38 44
25 32
61 66
66 91
74 77
61 68
26 94
54 91
4 75
87 89
93 94
52 76
34 68
83 85
58 88
40 55
83 94
50 100
89 95
55 60
84 100
35 81
42 48
61 99
93 95
41 73
51 86
7 16
72 90
25 70
10 74
61 70
70 74
83 87
42 52
46 93
84 89
26 83
62 66
56 63
11 69
35 37
15 60
54 62
85 97
13 47
13 58
73 85
6 52
22 33
54 65
88 91
53 85
99 100
28 37
89 91
83 88
78 96
14 50
29 73
23 78
75 91
60 61
67 88
41 81
84 85
55 88
4 75
17 61
45 76
84 95
89 100
85 91
3 32
78 90
36 47
86 95
62 96
42 67
3 24
74 97
15 38
71 97
78 94
48 57
70 98
69 81
50 97
42 92
61 79
34 55
53 67
22 75
41 80
44 79
13 15
52 64
75 91
26 30
80 93
67 81
9 64
17 91
43 92
22 24
27 80
1 79
29 73
24 45
8 56
51 60
4 58
67 78
53 54
42 98
44 75
43 100
12 50
60 73
7 91
39 98
97 100
99 100
86 87
32 89
74 88
44 57
50 80
60 67
53 73
34 59
74 100
87 91
58 98
28 59
54 57
59 86
91 95
45 69
17 26
35 45
79 99
99 100
2 88
16 21
7 45
18 87
51 96
63 76
43 75
47 54
71 99
91 99
49 77
51 91
85 93
65 81
79 100
94 97
78 83
69 90
64 73
4 49
27 95
75 86
85 98
39 61
13 16
92 94
33 67
27 37
29 42
6 41
56 80
96 97
72 92
1 90
1 45
2 13
23 46
81 82
27 80
26 59
8 11
66 81
25 100
78 99
57 100
81 100
10 20
77 79
49 80
36 93
9 60
15 51
34 62
80 100
31 54
23 70
55 89
64 71
34 70
11 22
49 93
72 84
66 84
99 100
43 91
51 53
6 32
46 71
27 50
22 62
81 93
44 92
28 44
82 84
85 100
21 57
58 79
95 100
70 77
27 45
61 75
65 97
31 42
92 97
40 61
1 41
86 91
98 100
70 86
65 86
31 71
9 11
8 86
22 73
88 93
17 18
85 100
48 90
45 86
52 73
82 90
59 88
72 98
94 96
95 99
7 59
41 42
69 99
95 99
65 82
12 87
27 30
68 88
13 71
30 54
15 47
38 93
85 95
92 100
37 99
94 98
42 55
9 78
90 99
88 98
90 92
51 70
8 25
29 68
21 52
90 92
73 77
59 65
17 22
18 23
26 89
25 30
57 74
51 69
61 62
28 65
6 19
41 58
11 52
67 71
82 87
54 94
10 36
73 98
35 41
41 46
59 74
18 83
84 90
2 65
66 76
23 70
65 92
35 82
80 89
48 87
51 67
66 76
10 22
77 97
69 74
79 92
32 89
77 90
3 32
24 85
87 88
58 72
74 87
11 61
60 73
11 78
30 84
98 99
53 82
40 93
97 100
72 99
36 51
78 82
36 84
96 97
3 32
90 93
82 85
65 86
92 100
67 81
68 81
43 96
15 80
5 44
40 63
77 83
60 72
67 97
59 67
22 70
87 100
46 100
86 100
24 73
12 85
99 100
61 76
13 55
71 96
83 90
71 85
78 96
89 95
63 96
90 99
26 91
14 26
25 79
28 33
25 63
52 60
63 69
54 80
43 44
92 93
61 83
5 32
78 91
6 56
57 61
95 100
54 74
51 89
98 100
1 94
34 69
45 74
84 94
33 61
93 100
43 77
95 97
7 43
1 27
89 97
11 99
89 99
76 96
65 93
8 85
40 65
38 95
19 50
61 79
36 75
41 62
91 100
17 31
85 86
94 95
16 36
60 73
30 85
81 89
17 34
70 98
30 44
46 79
96 97
64 93
47 52
87 97
95 96
24 84
2 70
30 49
57 94
10 92
25 28
81 93
69 100
71 81
4 77
86 94
2 16
36 86
96 98
57 60
16 100
89 100
57 82
96 100
84 88
39 56
29 54
12 28
77 83
70 99
37 75
14 31
48 97
91 92
61 95
93 94
6 65
60 83
5 99
7 10
63 94
96 100
42 82
28 92
93 95
96 98
55 96
99 100
57 72
16 84
65 91
64 87
18 80
50 80
44 60
97 99
58 67
7 12
12 84
8 84
69 98
54 60
30 90
39 67
35 62
65 98
80 88
58 99
99 100
49 67
17 42
24 79
29 92
61 96
31 73
50 55
51 54
16 86
81 88
52 67
93 100
73 80
23 42
85 87
98 100
17 64
18 66
65 92
33 51
28 30
44 57
77 88
83 86
29 74
73 90
78 83
38 71
38 73
58 82
79 83
55 90
85 87
86 96
21 87
25 54
42 90
37 100
32 77
7 76
12 24
20 64
77 86
71 89
35 81
98 100
93 100
11 39
60 61
6 48
16 80
55 62
13 49
46 100
80 91
59 63
53 73
79 96
33 72
92 96
8 79
2 5
5 69
1 81
14 18
11 43
90 94
71 93
24 31
52 93
10 19
76 96
14 38
56 73
51 68
97 100
76 85
74 94
10 62
57 81
98 100
81 87
13 26
20 28
27 100
83 92
28 66
86 91
30 65
6 83
57 88
80 97
27 44
66 73
30 44
12 67
30 82
41 65
73 88
41 50
49 84
18 47
67 87
21 29
6 85
27 80
3 54
30 53
24 32
78 81
8 56
89 93
99 100
66 93
76 97
73 81
83 86
75 92
80 95
6 88
20 41
67 86
55 80
35 67
96 98
56 90
6 13
15 22
74 80
75 93
59 78
53 98
3 51
28 57
40 95
59 61
19 58
19 85
10 60
78 79
51 85
92 96
9 41
9 14
87 90
37 99
72 88
12 80
44 97
89 96
45 91
4 83
28 67
24 83
81 83
41 65
65 79
27 98
27 84
89 100
45 85
64 80
90 91
79 88
23 85
25 51
13 93
54 60
36 79
68 79
5 27
2 87
86 94
46 65
86 100
69 72
27 80
17 66
14 26
81 93
23 80
43 94
84 97
24 89
11 50
87 98
38 50
32 63
36 46
84 88
41 94
61 92
84 88
3 58
59 90
41 85
99 100
2 29
22 45
21 48
87 91
62 91
62 86
6 11
5 26
21 35
63 85
72 95
39 65
78 89
69 71
77 90
82 94
3 70
9 18
53 55
76 94
20 64
79 80
90 99
57 98
82 88
46 99
8 21
86 93
44 75
7 97
7 33
70 97
1 74
50 64
23 30
55 65
36 72
14 36
51 92
29 71
45 64
10 77
69 99
93 94
47 66
55 56
45 72
36 53
90 91
75 87
32 97
79 98
32 44
10 35
50 98
30 41
29 83
90 93
55 64
97 100
84 87
22 24
1 77
22 88
15 81
33 52
75 78
72 74
77 94
36 81
45 98
37 53
99 100
50 66
62 77
9 17
97 100
36 39
80 93
46 64
68 98
96 99
50 53
29 37
86 99
81 97
93 99
5 14
75 86
71 78
82 98
11 47
75 93
48 91
91 98
93 99
87 99
57 85
45 62
20 50
23 39
58 85
47 90
55 66
17 66
57 74
4 68
55 66
53 60
30 42
32 96
26 34
59 94
31 90
48 54
82 95
94 99
99 100
55 97
83 87
31 71
35 74
15 17
69 72
14 71
75 84
1 38
74 94
12 17
56 81
43 60
29 57
58 65
60 99
64 74
57 83
74 78
53 54
97 100
51 70
87 93
2 54
92 96
40 90
26 30
90 99
14 41
44 70
16 44
18 72
18 19
16 57
49 63
80 93
32 95
69 83
50 52
46 90
99 100
1 75
29 61
16 65
36 62
82 95
20 60
70 74
56 90
69 85
4 29
9 82
93 97
66 95
25 71
68 90
9 25
1 52
91 100
33 35
87 91
72 84
64 74
39 66
16 77
3 10
34 89
53 54
57 88
55 59
81 97
49 72
9 56
59 76
33 62
68 83
39 76
12 84
94 96
66 79
30 98
68 100
84 88
48 50
94 99
20 73
38 80
94 100
77 91
69 81
20 56
69 72
59 89
73 95
1 89
17 92
32 85
93 97
43 57
53 66
71 76
20 82
59 81
29 65
98 100
92 98
66 84
3 44
15 70
99 100
20 72
77 86
45 52
77 90
47 78
44 64
53 60
82 94
54 90
98 99
44 51
61 87
30 50
58 93
68 71
5 63
36 54
56 93
98 99
90 95
80 95
25 77
99 100
9 22
81 87
74 84
89 97
83 91
21 42
51 93
79 86
76 80
81 82
82 95
11 84
74 78
72 74
18 67
71 98
71 89
44 45
46 75
5 33
38 75
89 94
12 85
5 39
73 90
33 60
10 33
1 32
43 70
2 43
67 76
20 33
16 42
96 100
28 44
54 77
74 77
40 55
98 100
98 100
25 91
16 49
11 96
83 99
82 89
90 100
42 95
1 41
57 71
34 67
53 61
4 20
14 52
18 57
89 90
9 47
34 49
1 99
81 98
70 88
52 76
11 53
29 49
59 92
84 96
5 94
79 85
13 76
52 99
18 98
82 87
84 93
76 86
9 80
39 60
72 95
80 81
81 87
40 56
44 67
58 73
97 100
85 95
40 85
52 99
80 86
99 100
68 71
96 98
3 35
25 81
92 99
68 86
65 87
7 21
94 100
11 19
53 88
71 76
36 70
53 63
94 95
85 99
3 35
14 28
97 98
97 100
35 91
90 92
74 86
83 92
52 81
46 84
57 69
60 81
55 94
65 77
95 96
5 6
25 56
17 71
51 89
43 97
99 100
92 98
69 89
46 82
53 99
38 91
42 78
94 99
46 49
68 82
65 89
43 96
68 94
67 78
70 83
65 68
82 85
91 96
53 86
95 98
30 48
38 47
88 97
43 71
50 93
15 80
32 73
11 13
66 72
99 100
6 45
91 96
75 86
75 91
77 83
48 71
12 51
62 89
21 81
90 94
11 33
32 37
72 80
40 99
46 77
20 39
60 98
70 96
70 79
7 34
43 70
47 73
27 98
3 23
15 23
50 81
66 67
16 76
7 85
82 93
33 87
5 90
79 87
73 84
53 93
17 62
95 96
57 70
98 99
24 71
88 100
50 89
54 74
36 42
6 22
12 31
50 64
3 26
56 72
91 94
8 57
12 27
28 56
62 72
47 71
62 89
11 60
47 100
4 22
32 87
87 93
26 53
16 79
37 86
32 93
41 68
15 85
67 91
80 99
71 89
90 94
22 82
93 99
14 86
45 78
16 81
13 66
44 82
46 81
98 99
94 100
57 90
53 100
34 86
38 83
13 89
42 44
83 95
99 100
51 75
4 60
74 93
92 95
5 67
53 67
54 81
76 81
99 100
96 99
29 55
35 41
39 99
13 82
97 98
35 78
75 86
5 58
62 63
83 96
69 74
47 59
39 84
61 80
47 79
17 73
47 97
51 82
22 55
13 82
86 95
55 91
27 45
66 69
8 10
88 93
26 40
35 44
63 74
74 99
2 29
80 93
51 73
16 34
56 95
44 90
45 59
62 100
72 76
6 41
11 18
60 61
76 82
18 23
6 20
92 99
88 94
54 65
77 80
1 98
61 74
13 78
41 88
3 75
92 97
35 84
43 98
95 97
49 77
99 100
19 90
37 87
52 57
98 100
34 35
27 64
73 82
13 30
12 75
73 88
98 100
66 82
50 55
38 96
95 100
75 89
29 90
75 88
61 79
74 96
1 49
64 90
53 61
43 70
66 99
16 89
15 78
8 44
46 88
79 95
87 96
39 88
31 86
25 43
5 69
37 90
30 49
26 41
84 89
94 96
88 89
19 41
93 100
59 100
19 23
57 87
16 43
81 94
93 97
46 53
94 98
37 45
43 56
73 81
71 80
56 82
31 88
19 38
8 18
27 71
28 87
57 59
97 98
91 92
56 57
50 60
62 79
27 38
37 57
16 18
38 58
16 67
22 78
96 98
50 75
7 36
5 78
12 88
69 96
52 76
29 73
92 100
65 68
50 90
78 92
8 34
36 61
55 97
56 57
83 94
38 71
91 95
53 87
99 100
91 92
47 88
98 100
74 90
78 100
52 73
7 93
52 74
33 49
54 70
5 99
57 66
9 19
75 77
46 83
44 90
43 47
53 90
18 83
49 71
3 59
71 80
34 93
98 99
22 47
91 93
10 58
38 68
23 91
46 100
33 65
22 41
28 84
45 79
17 25
11 78
57 70
46 87
41 59
42 51
15 16
39 74
83 99
96 99
61 97
90 95
31 94
48 87
70 75
96 99
92 100
3 41
86 87
11 34
84 97
26 70
50 51
67 93
11 83
51 81
27 39
88 94
32 73
92 97
18 41
74 100
18 86
18 23
53 69
93 97
89 95
39 55
82 96
45 87
49 81
66 96
47 87
20 53
97 100
65 90
38 67
48 62
34 87
91 92
45 80
24 68
55 64
19 95
93 95
35 61
30 79
51 67
68 90
62 96
63 74
29 73
21 62
76 98
58 84
9 55
69 77
27 63
52 89
48 93
83 85
99 100
50 94
65 87
60 95
85 90
34 41
88 96
79 96
23 72
75 98
1 26
56 67
22 58
23 95
59 78
74 97
96 97
84 99
12 86
12 59
63 96
88 92
99 100
47 66
40 50
45 64
46 96
58 98
28 73
81 87
26 69
14 29
80 86
77 93
42 99
39 98
60 61
77 84
62 96
79 87
85 97
96 98
67 79
49 87
61 62
13 43
75 76
67 88
5 72
45 90
54 69
74 81
39 68
22 31
23 92
55 91
6 8
34 69
39 61
25 83
34 62
75 76
78 98
22 25
15 21
76 78
95 100
76 77
62 76
17 39
76 89
74 75
50 56
30 98
77 96
4 28
52 73
99 100
50 56
90 99
59 79
31 58
55 63
23 95
84 95
28 41
64 67
57 85
61 80
33 59
50 82
24 91
24 74
86 100
57 70
5 22
79 81
42 96
74 91
14 76
62 91
90 97
76 84
47 62
81 100
59 73
68 87
47 88
52 82
10 59
12 26
20 44
15 99
13 98
38 77
70 100
46 59
16 88
44 92
12 59
47 98
99 100
91 93
56 62
34 90
16 48
71 100
11 64
2 21
19 67
78 87
41 92
83 94
85 90
52 60
35 48
94 99
15 92
25 41
58 68
68 99
19 57
41 68
76 97
73 79
9 99
75 91
87 89
19 52
53 69
29 68
29 95
54 70
39 68
23 57
78 91
48 65
11 51
75 92
37 49
58 86
1 86
55 58
99 100
94 100
41 90
49 74
23 70
54 94
77 79
85 98
66 86
61 64
52 93
69 88
33 99
85 92
85 96
92 94
87 99
49 76
49 76
36 60
69 99
20 45
9 91
58 80
93 97
96 99
75 80
72 90
29 72
77 93
30 86
7 64
81 89
18 35
45 47
59 76
43 82
74 85
80 88
35 86
51 63
38 74
84 95
75 83
12 15
55 56
67 100
63 97
37 40
33 47
68 100
34 80
42 78
36 66
16 43
58 78
54 74
66 100
58 88
20 73
87 92
36 82
5 38
78 93
28 93
24 97
35 93
25 91
83 97
20 43
6 81
12 62
39 94
58 96
43 66
89 97
85 86
34 98
21 59
12 100
53 92
17 24
26 86
40 64
9 75
41 46
17 86
33 52
63 64
88 91
61 90
22 94
59 60
60 78
66 90
71 93
30 39
34 45
98 99
38 77
77 95
7 72
84 92
2 24
10 75
28 75
3 62
93 96
77 92
23 50
65 70
12 50
2 37
95 97
81 84
23 99
76 96
24 81
19 56
46 55
77 94
46 77
34 88
34 100
39 67
27 48
10 79
35 37
28 59
18 54
75 92
44 96
10 41
96 98
98 100
40 75
92 94
8 37
88 89
17 18
58 86
75 79
70 96
88 100
97 100
15 73
51 67
99 100
7 82
26 85
77 99
8 68
98 99
74 78
76 99
62 75
76 82
65 85
81 90
67 78
15 97
97 99
52 56
33 62
17 21
7 80
79 96
16 98
64 74
6 92
76 100
39 81
52 69
93 100
55 74
14 51
9 49
71 95
95 100
37 83
11 23
36 58
2 25
79 83
80 86
56 78
41 61
61 80
69 89
51 96
73 78
18 78
30 37
43 46
67 92
49 75
82 92
1 7
11 77
62 71
57 59
78 87
92 97
90 94
30 64
28 89
88 97
14 72
50 81
12 82
29 43
55 88
47 64
92 96
48 95
73 74
27 35
24 77
28 69
36 60
63 79
12 63
30 53
84 88
65 69
75 85
11 76
86 87
42 48
94 98
23 71
68 76
47 75
37 47
12 64
53 93
16 42
83 86
92 98
60 82
90 94
30 43
15 94
21 64
26 64
87 92
21 93
50 75
92 98
62 69
86 92
43 83
57 60
24 52
46 73
18 65
62 71
67 75
18 34
83 99
79 88
51 65
97 100
70 98
63 70
39 53
60 74
54 63
80 83
10 18
34 55
80 81
43 96
73 94
65 91
50 56
7 37
60 94
80 100
23 55
78 80
4 96
18 30
85 90
98 100
16 81
67 94
16 86
13 89
36 86
77 82
38 49
32 99
85 88
66 86
54 95
84 87
91 93
14 83
77 96
48 87
11 64
32 95
45 81
74 85
37 53
44 71
13 31
1 99
97 100
31 41
52 55
42 100
32 64
73 89
21 58
85 96
63 96
85 96
28 55
56 97
56 86
28 49
89 96
81 89
63 79
13 52
55 84
39 78
53 63
96 99
51 69
89 94
38 91
57 66
79 83
4 19
68 89
64 73
26 80
66 97
43 79
30 54
48 49
84 90
80 96
53 94
53 93
63 73
94 100
47 89
54 68
85 87
47 63
57 58
31 97
65 72
97 98
67 90
63 83
8 95
35 48
85 99
56 66
29 89
91 100
28 52
58 90
93 99
61 100
87 92
58 69
15 43
83 100
84 87
75 99
60 86
33 49
8 41
38 41
32 96
85 87
45 50
42 59
40 70
78 92
5 31
7 65
69 85
55 80
12 66
12 61
16 58
91 99
5 35
22 82
37 52
27 41
15 66
5 52
61 92
63 75
29 36
26 59
6 95
59 89
51 97
43 48
72 100
22 87
37 100
79 81
37 90
65 80
24 41
90 95
13 69
73 95
57 68
9 76
25 90
48 91
77 79
88 89
46 52
34 41
32 90
30 82
38 46
45 93
35 71
92 98
74 92
68 78
51 89
97 99
49 60
61 99
38 50
14 97
75 90
32 86
91 94
36 56
75 99
10 79
79 100
49 62
45 96
2 4
52 53
79 94
20 52
42 58
49 95
30 58
24 80
19 37
90 93
10 72
3 38
96 98
61 70
47 95
46 79
25 81
67 85
91 100
4 24
28 46
1 14
97 100
73 74
95 96
74 91
10 25
96 100
45 93
55 73
18 42
26 93
84 97
79 97
12 67
87 89
53 99
55 94
22 50
30 82
57 95
59 68
41 72
54 60
86 95
10 81
41 85
47 64
27 46
40 83
74 99
81 88
49 79
46 83
58 78
19 68
95 98
33 75
57 61
96 100
50 96
45 69
45 55
98 100
92 98
74 90
50 98
14 76
44 57
78 95
3 68
91 100
5 68
59 76
56 63
65 73
64 80
50 86
99 100
89 93
20 94
81 91
64 77
41 85
63 79
31 100
5 43
16 17
67 76
70 77
83 86
24 55
52 67
92 97
28 77
53 90
46 66
28 57
84 94
34 56
31 49
51 91
57 70
87 91
70 72
70 81
33 60
59 99
33 79
5 68
95 96
43 51
2 72
56 73
29 55
92 96
63 70
62 79
1 52
19 23
92 96
36 64
43 75
76 100
27 33
93 94
18 62
32 37
18 74
77 87
59 63
33 72
76 92
56 87
22 99
48 86
13 41
15 69
3 39
6 18
46 68
39 77
54 59
20 56
17 49
77 80
86 91
95 98
85 96
97 98
57 65
31 32
5 7
29 57
43 54
98 99
3 26
91 100
14 87
26 70
26 44
11 22
67 98
44 82
97 99
24 100
84 96
50 81
42 51
70 87
47 86
30 60
4 18
74 75
48 54
89 96
62 76
7 90
5 17
62 80
21 30
43 56
34 56
6 47
88 93
3 27
38 74
92 97
55 100
81 93
62 85
74 86
43 61
65 69
50 97
54 93
57 94
36 96
80 86
23 30
13 42
62 72
92 96
3 21
58 86
80 83
4 40
67 85
82 89
58 98
2 16
50 68
9 66
54 76
46 93
48 49
76 79
56 90
33 81
1 38
14 38
8 29
65 86
71 80
90 97
30 98
3 66
97 100
71 91
24 98
97 98
46 84
37 59
65 80
24 62
48 74
15 96
74 79
90 94
18 78
75 99
95 97
44 69
69 80
39 77
41 79
51 84
10 24
51 61
40 66
81 97
24 75
53 80
63 70
70 75
56 84
39 60
42 88
65 98
58 84
4 44
72 82
70 100
48 92
72 73
6 23
69 90
37 78
21 67
28 66
38 74
60 96
84 93
31 98
50 60
81 94
52 92
58 99
63 98
94 99
48 69
55 98
91 93
10 75
3 78
94 100
76 95
21 96
10 65
90 97
32 34
74 94
69 87
11 52
86 88
7 49
26 60
58 61
8 86
92 94
81 90
59 87
17 70
57 82
7 69
27 73
88 92
94 96
36 70
13 99
44 57
59 81
49 80
52 72
18 80
54 94
38 64
93 99
34 59
7 34
71 97
14 40
47 51
26 62
32 66
21 56
83 95
51 63
57 89
49 89
71 86
86 92
49 83
39 60
52 57
28 86
88 96
97 100
76 87
70 75
33 73
61 97
3 83
5 86
87 99
31 77
65 88
5 37
87 98
8 41
40 72
5 6
47 94
98 99
99 100
51 99
8 25
34 56
46 83
60 67
73 89
54 58
41 76
44 96
24 82
84 100
17 27
39 79
26 43
7 34
81 96
17 43
29 38
12 26
3 54
84 90
47 82
44 95
88 92
59 64
27 100
28 51
46 67
55 59
7 8
83 98
35 47
36 47
60 73
35 38
12 35
63 97
35 97
98 100
44 67
33 38
60 72
66 91
37 69
3 83
63 93
65 95
21 73
96 97
66 74
20 84
56 91
4 60
61 97
89 96
92 93
65 93
84 88
1 9
47 63
51 81
71 97
57 64
47 49
13 83
6 90
53 81
66 89
36 39
48 55
58 88
64 95
79 83
57 99
3 83
84 87
89 97
97 98
38 91
63 91
17 34
34 56
93 94
23 46
16 52
14 77
20 32
35 77
21 88
36 98
19 25
96 100
33 82
13 53
56 86
74 91
67 83
7 61
70 72
47 95
12 67
72 76
59 85
30 52
55 65
70 75
64 93
83 95
14 90
75 82
37 87
27 52
39 42
71 82
87 94
15 30
23 74
37 82
34 81
19 38
71 87
11 92
28 84
90 94
89 92
49 65
71 97
15 91
35 91
79 82
19 68
42 95
66 78
17 48
76 87
21 41
81 92
1 74
70 90
10 90
41 82
91 96
27 100
78 79
74 99
69 80
11 92
93 96
81 89
16 50
85 98
99 100
17 75
84 87
23 41
79 93
66 76
55 89
39 89
7 28
1 32
86 99
81 89
83 89
29 90
38 68
35 39
68 98
33 92
99 100
90 95
86 98
88 97
91 97
18 91
35 43
79 100
66 99
21 62
71 100
92 98
82 89
71 75
84 93
5 67
83 86
47 93
62 64
52 67
50 72
46 75
46 92
98 100
44 94
88 96
61 94
78 96
46 63
11 97
52 67
30 75
69 94
43 87
87 97
23 97
72 99
77 88
66 100
67 99
51 87
21 83
9 14
12 36
21 27
43 85
26 37
29 51
86 100
95 97
87 93
88 95
4 59
33 35
74 91
15 38
17 86
23 69
12 37
43 97
97 98
30 84
3 47
45 95
63 84
96 97
37 62
59 99
79 81
14 73
89 97
96 98
65 89
71 83
18 81
42 95
64 86
3 22
30 50
41 71
21 87
11 19
54 85
65 96
38 59
87 91
83 90
84 94
20 80
16 100
21 48
2 5
3 4
67 95
1 93
2 100
81 92
72 76
8 16
63 86
10 39
92 95
72 80
76 90
97 99
78 95
59 98
37 92
96 100
99 100
54 71
36 95
63 83
88 97
12 83
27 31
24 39
45 64
17 79
91 92
16 49
50 59
24 69
84 98
19 85
48 72
76 93
72 81
78 79
38 94
26 82
52 97
8 25
28 43
31 81
68 87
87 89
96 99
47 72
2 97
48 78
36 56
2 80
62 80
40 79
72 91
59 88
61 76
81 84
96 97
68 82
70 98
22 55
56 92
9 17
68 81
56 66
51 93
10 13
79 85
54 73
15 31
63 68
93 99
68 95
80 82
35 98
81 96
26 38
36 38
40 70
86 97
8 37
60 75
28 48
18 44
28 50
58 83
45 94
13 76
83 88
79 85
80 94
8 93
1 3
16 36
13 79
82 89
70 89
97 98
31 51
93 98
62 67
70 78
47 91
2 82
41 82
65 68
2 25
76 86
50 78
50 74
50 55
99 100
5 36
73 85
38 60
48 59
56 95
89 90
68 81
68 77
49 71
81 93
45 56
37 55
68 71
62 80
21 91
6 36
71 94
65 82
20 22
40 75
6 89
25 89
49 65
42 80
18 37
44 46
99 100
62 98
51 58
48 61
40 96
90 92
24 34
26 32
88 92
52 97
1 26
60 81
77 97
73 74
50 71
41 83
5 13
44 78
88 90
76 82
70 86
66 72
17 79
79 96
8 96
89 99
33 93
47 58
92 93
34 93
47 66
31 59
45 89
98 99
69 83
87 99
21 53
66 91
98 99
21 32
84 88
77 86
88 96
15 56
73 92
17 20
7 91
46 98
53 54
64 76
77 79
91 99
47 69
44 76
16 58
16 65
74 97
65 84
50 58
58 78
52 75
41 100
24 91
88 91
7 25
97 98
92 94
72 82
53 57
78 99
12 49
7 62
79 83
22 32
96 97
47 87
4 14
42 53
89 93
35 92
32 91
81 84
96 99
86 93
87 92
67 76
27 81
1 77
50 53
40 65
8 27
25 51
53 62
80 95
93 100
30 79
2 42
18 89
63 92
61 74
49 54
32 92
97 100
83 88
80 97
32 33
54 56
4 36
68 75
37 83
20 47
94 98
35 39
31 50
63 84
95 96
80 99
14 45
58 93
9 33
15 46
34 85
7 42
67 95
68 85
17 90
53 70
18 48
98 100
68 70
67 82
61 79
70 80
79 97
38 58
2 30
41 92
6 34
36 39
76 94
17 28
45 61
70 93
64 76
5 37
98 99
41 45
1 3
59 94
14 84
67 72
64 96
98 99
23 78
2 8
56 92
23 83
68 69
48 90
65 100
15 24
12 94
48 60
29 89
30 96
25 65
68 80
64 77
68 83
89 93
69 76
10 73
45 74
57 94
60 95
31 73
34 39
18 91
46 54
32 48
13 90
44 83
64 93
45 77
83 91
27 44
93 100
9 55
89 96
2 4
74 97
37 95
19 88
54 56
92 100
70 89
86 89
23 46
70 78
21 32
17 99
81 87
32 67
99 100
6 57
15 97
59 62
34 75
66 80
74 81
41 73
72 74
75 83
35 84
5 78
76 95
96 98
20 98
34 100
95 98
92 99
31 94
77 78
44 76
27 84
58 62
42 60
42 47
53 61
76 93
79 83
70 100
92 99
30 83
51 54
88 99
95 97
8 35
89 99
61 96
93 95
5 63
41 43
53 95
36 89
64 76
1 56
32 35
22 24
23 45
26 72
37 57
7 69
24 78
53 62
50 79
7 53
33 84
85 93
53 86
90 91
39 62
76 90
64 71
49 84
31 61
4 63
72 95
64 90
78 91
23 45
50 93
57 58
90 93
13 91
58 74
30 92
61 69
9 72
40 74
87 100
9 81
22 68
1 61
55 57
95 99
49 54
69 86
78 94
40 68
62 91
59 75
12 64
15 85
96 99
5 64
93 99
33 36
18 86
95 100
11 97
18 92
78 81
89 100
53 65
69 75
67 95
17 60
43 69
5 46
36 69
75 79
73 80
2 78
23 68
7 9
12 87
14 19
58 92
63 88
9 16
86 99
62 71
65 80
77 81
58 78
22 32
40 90
79 98
33 73
68 93
52 61
85 92
68 79
29 47
16 63
21 63
25 76
72 92
12 23
14 71
23 41
43 46
62 79
11 89
71 99
81 90
24 90
3 92
92 95
29 60
45 91
14 39
35 65
25 57
31 71
98 99
71 79
86 92
72 90
14 96
79 94
85 92
84 87
84 90
19 32
93 94
20 40
55 92
93 99
41 85
73 86
26 28
95 96
37 38
77 89
80 88
41 87
1 89
71 94
98 99
99 100
56 66
79 86
62 63
95 98
40 72
62 83
37 42
9 68
75 79
52 61
51 61
68 97
44 67
89 94
59 94
11 84
44 72
38 45
98 100
58 82
38 95
87 92
19 41
49 68
77 84
45 84
11 77
85 97
30 43
19 55
27 33
52 90
85 88
78 83
73 85
25 36
47 97
15 40
5 19
74 83
20 74
78 96
94 98
47 88
72 87
10 46
9 66
39 68
3 49
58 71
44 57
55 95
78 84
81 92
76 95
64 65
71 78
43 57
83 93
25 37
75 99
86 89
60 84
13 60
14 22
6 30
14 97
36 53
37 100
97 99
62 66
22 69
3 73
4 81
4 26
14 96
46 83
41 62
80 84
40 96
37 90
20 89
34 63
70 94
27 71
40 48
38 73
69 89
78 93
95 99
29 96
32 48
86 93
43 72
21 68
2 54
86 99
72 96
1 3
87 93
49 68
64 92
22 46
53 96
60 79
27 44
80 86
17 84
94 97
28 47
74 90
8 100
71 77
9 65
59 96
36 38
98 99
93 95
86 92
43 95
6 33
78 99
27 75
29 72
65 84
7 24
84 99
83 99
98 99
44 76
3 90
89 90
70 84
25 96
46 89
25 77
72 98
1 17
81 100
52 84
92 99
62 100
40 88
80 87
74 96
65 93
66 97
39 97
56 63
25 67
62 83
14 32
13 63
17 25
7 83
89 91
65 72
48 64
76 89
73 79
97 100
32 89
37 94
2 28
43 57
35 51
44 99
40 42
75 76
23 39
12 70
68 80
70 78
90 94
75 89
54 73
67 96
75 77
46 58
14 85
16 90
65 90
49 93
60 97
7 73
86 99
51 59
36 96
88 100
87 100
67 86
39 93
78 100
1 74
72 90
36 99
57 97
1 100
80 84
50 95
51 91
46 97
27 63
62 89
2 49
7 63
29 94
66 92
22 34
79 81
41 73
46 89
43 57
96 97
86 90
11 61
48 55
14 39
87 94
39 51
86 89
91 96
83 95
96 100
86 89
61 95
25 76
50 99
50 94
80 98
63 78
61 90
34 40
71 99
31 97
80 88
16 38
55 73
3 23
11 43
58 82
64 90
44 60
70 78
51 54
50 83
57 58
45 62
43 81
73 96
98 100
23 62
60 83
81 86
99 100
11 79
19 81
79 93
64 77
54 84
14 56
79 82
57 84
27 59
7 86
48 80
80 92
22 73
88 99
30 79
42 80
26 57
48 72
68 95
98 100
70 76
5 78
10 27
99 100
91 99
50 93
91 100
14 21
60 64
64 76
27 50
39 77
1 48
21 91
67 69
7 98
9 62
87 96
56 92
70 74
50 78
2 16
76 91
80 89
35 94
49 65
75 99
47 73
5 43
12 52
79 84
96 100
83 94
20 63
5 71
99 100
29 42
80 91
43 55
12 67
71 85
99 100
46 93
74 80
28 79
88 89
86 92
21 31
25 26
59 89
16 60
67 72
83 84
5 21
8 13
86 89
14 68
72 87
85 98
69 97
87 91
19 86
35 92
80 83
91 94
58 97
19 57
96 99
85 100
89 96
55 98
26 80
31 40
18 64
9 79
31 95
15 23
67 95
51 66
25 32
61 93
69 90
16 71
58 97
32 67
46 81
44 72
2 77
9 50
86 99
5 66
5 54
66 80
93 94
25 78
45 72
33 78
37 39
82 97
73 99
41 91
86 88
2 54
34 62
60 64
22 56
34 74
82 99
22 39
54 61
25 53
84 88
28 37
9 57
63 90
5 6
50 88
13 18
32 42
84 95
17 52
68 72
28 74
4 13
81 90
4 58
86 95
31 37
89 96
21 53
78 82
68 69
22 52
30 67
9 52
67 68
33 80
64 89
91 98
53 96
67 89
93 99
19 99
21 71
85 97
16 80
16 87
19 28
40 63
36 55
76 94
39 90
83 87
46 76
99 100
64 75
26 79
71 77
7 72
32 60
98 99
24 40
38 44
67 76
10 51
28 35
51 75
6 35
68 92
47 92
2 51
17 83
19 66
82 93
1 50
97 99
42 50
79 82
78 93
62 99
57 90
99 100
25 66
20 95
9 29
95 100
15 35
37 87
38 56
68 77
25 55
91 93
45 62
11 19
43 96
7 77
32 79
40 60
57 77
80 91
44 72
21 91
31 91
98 99
91 100
66 95
77 85
36 48
59 91
41 95
10 59
46 61
4 32
37 67
80 89
33 69
38 97
45 57
15 31
20 89
12 89
14 53
28 51
2 75
61 75
95 99
27 68
73 91
65 90
73 83
98 99
70 94
78 98
88 94
1 33
70 76
51 79
42 98
17 44
3 83
47 83
89 94
15 37
31 80
33 72
31 58
90 91
32 73
70 86
69 72
96 99
62 84
87 94
79 95
55 76
4 55
35 67
43 75
68 71
5 76
42 77
86 100
4 93
6 99
46 74
3 75
80 84
58 99
15 30
53 83
29 73
14 92
65 71
65 90
51 98
29 59
50 69
16 54
59 79
25 78
53 68
99 100
4 49
63 69
55 60
86 97
94 96
92 96
99 100
68 86
2 24
85 99
39 61
89 100
48 63
69 77
66 92
66 71
88 100
34 86
49 70
97 99
78 85
40 74
23 60
57 62
27 30
2 5
9 56
74 94
35 85
64 84
82 95
10 89
30 54
71 88
57 90
6 97
83 85
10 48
41 56
36 44
8 44
53 73
84 87
38 62
55 89
87 91
17 52
30 33
95 99
24 66
68 95
21 100
79 99
96 97
81 95
5 74
96 98
61 69
12 52
41 56
19 86
58 94
7 10
28 47
22 62
86 94
85 91
56 72
11 57
48 73
93 95
60 66
20 93
94 96
57 61
42 43
3 24
44 46
15 85
96 97
20 38
1 42
39 53
19 34
92 97
54 68
49 55
97 98
69 88
68 95
14 99
97 98
61 97
59 77
24 67
30 96
71 87
56 58
79 94
12 27
13 84
52 66
43 70
7 88
17 93
46 51
88 97
60 90
16 67
67 79
36 57
19 96
30 45
88 94
78 90
37 82
32 67
27 81
88 92
75 79
2 10
36 72
17 53
78 95
63 92
74 98
79 82
45 51
24 63
80 91
31 42
92 98
80 85
13 86
24 91
88 95
33 50
94 96
54 93
1 42
69 82
38 67
2 81
97 98
47 65
62 78
53 76
71 74
61 84
85 90
8 9
29 51
97 98
24 34
76 91
67 70
75 90
59 77
72 94
51 84
72 81
10 23
82 87
67 100
51 94
73 92
20 79
72 82
50 85
75 93
82 97
20 73
89 97
87 90
84 86
85 94
40 61
44 63
78 95
68 84
93 97
46 98
64 68
95 100
18 52
44 71
94 95
95 98
97 99
18 53
51 77
72 90
63 86
40 72
24 90
60 81
11 79
26 81
68 97
71 93
99 100
75 86
55 67
30 35
52 63
93 95
8 58
84 89
27 97
11 14
21 47
24 100
90 99
77 79
74 92
68 83
66 68
58 63
28 76
50 78
80 91
5 22
12 37
87 94
90 98
22 51
96 98
39 62
98 100
14 71
51 55
51 81
62 87
32 54
98 99
86 87
82 99
88 91
42 88
47 73
79 96
83 95
96 100
82 98
67 95
96 99
91 92
83 98
2 34
78 92
77 81
61 100
26 80
27 38
2 77
23 73
96 97
55 83
91 98
27 49
3 74
32 47
7 19
26 84
71 78
31 92
92 100
97 99
55 95
53 86
12 85
75 80
14 42
38 56
71 89
42 72
84 100
71 81
30 38
33 61
30 36
66 94
96 99
14 38
83 86
41 94
19 66
58 87
77 87
86 98
50 51
94 96
62 82
19 48
18 80
58 98
8 74
9 23
64 99
24 69
96 99
16 34
87 99
22 58
2 48
98 100
62 65
47 69
58 67
20 32
48 68
54 82
8 53
31 32
91 100
41 75
53 62
48 87
11 24
17 81
76 81
18 42
64 85
61 79
64 84
70 99
20 25
66 89
5 72
52 88
94 99
72 94
82 84
57 70
94 98
88 97
62 99
38 50
35 54
93 95
48 92
11 35
56 82
39 95
42 88
36 96
14 36
26 100
86 92
7 81
73 84
78 94
89 96
97 98
74 96
99 100
47 75
29 73
98 99
13 90
42 82
97 100
12 93
3 10
39 84
8 62
2 88
27 75
64 75
80 88
7 8
28 31
70 85
59 72
13 14
26 61
91 95
94 97
69 86
2 33
84 88
21 91
56 66
69 77
60 99
23 35
72 88
29 88
98 99
85 86
87 97
13 33
52 92
32 50
92 95
21 97
41 57
48 67
34 81
39 77
27 66
2 55
41 66
45 77
86 91
36 95
30 82
5 10
59 84
64 78
9 32
54 92
96 99
46 68
55 71
67 70
82 97
44 96
98 99
21 24
57 96
84 87
73 84
30 65
18 53
91 100
67 95
87 97
14 42
9 84
63 65
78 91
20 80
23 60
56 98
93 94
9 26
56 65
67 94
16 61
6 51
59 68
38 76
13 82
24 87
86 90
20 58
98 99
1 32
60 95
45 71
96 99
11 64
19 40
88 93
81 89
71 82
62 92
14 46
11 64
33 94
70 96
12 75
47 87
62 79
21 87
20 68
65 100
3 65
90 93
34 37
47 84
36 49
41 84
10 75
63 78
18 72
99 100
46 87
41 88
10 66
20 98
53 90
28 49
97 98
31 32
21 47
30 41
92 99
82 90
62 71
48 86
25 71
62 91
51 70
95 100
23 50
18 47
44 60
10 57
79 88
53 100
89 95
41 76
7 56
20 98
30 88
39 45
76 95
90 91
80 82
22 80
53 67
22 52
13 99
34 51
6 14
13 35
4 57
90 93
15 76
36 94
90 98
8 88
64 91
64 75
6 61
28 75
23 56
88 93
98 99
21 34
3 25
15 65
45 63
84 90
26 73
58 75
48 54
23 65
53 95
12 78
23 57
18 87
25 62
17 45
65 79
86 88
72 84
9 84
22 58
27 40
19 26
61 83
27 66
49 67
78 98
8 100
47 78
94 100
30 65
56 66
98 100
45 78
85 94
92 94
60 71
18 22
48 56
67 81
72 82
48 67
47 58
71 92
19 28
55 74
71 74
2 81
4 71
7 11
87 99
11 84
12 93
55 89
38 77
44 63
51 71
79 99
41 42
72 86
97 100
97 100
63 72
95 99
10 49
77 80
91 100
53 75
45 89
32 58
82 95
9 69
53 90
98 100
10 84
24 50
66 78
13 37
85 92
27 52
67 91
64 88
86 92
61 71
56 77
40 42
52 62
22 99
90 99
58 100
77 87
88 96
29 36
91 92
92 94
31 82
49 51
66 68
33 44
16 68
59 92
65 66
86 96
94 100
95 96
8 49
40 50
74 86
13 82
17 65
12 34
90 95
49 63
80 91
60 93
52 83
91 92
94 100
94 98
80 86
25 87
93 94
65 82
37 79
65 84
75 79
39 47
36 37
82 98
5 99
73 79
48 96
12 87
8 44
63 82
84 95
54 55
59 67
90 100
77 86
56 96
46 76
44 52
43 84
88 89
28 50
45 60
28 36
3 97
84 87
47 56
56 74
82 95
44 51
28 84
47 89
77 78
4 78
69 76
35 84
26 68
40 55
25 80
66 100
65 80
99 100
73 83
91 98
32 79
85 99
60 76
39 49
44 65
24 99
28 80
81 99
77 91
25 45
30 35
81 93
24 77
25 55
42 67
35 78
43 63
18 43
42 67
99 100
89 93
78 79
4 7
1 87
46 73
67 99
52 82
39 63
27 39
30 40
22 42
77 99
81 92
70 81
1 16
16 80
72 88
31 35
56 79
56 60
57 84
44 74
52 94
54 70
42 76
79 88
58 76
55 86
34 89
72 94
34 51
25 59
72 85
49 74
13 26
58 92
58 69
34 91
67 88
85 96
59 67
38 54
66 98
53 98
7 58
47 69
12 72
11 75
90 99
93 99
74 86
66 79
19 26
8 22
2 36
39 87
89 98
63 95
31 61
3 81
34 46
18 27
78 94
3 61
49 91
22 47
13 19
82 83
30 94
35 41
34 47
71 74
69 81
14 30
13 15
80 92
64 69
1 41
45 50
80 95
94 99
88 100
75 86
60 98
5 90
82 100
14 55
80 97
53 56
41 88
41 59
13 55
72 83
12 83
1 23
65 88
92 96
46 99
76 85
96 97
76 97
15 74
64 76
15 69
19 48
96 98
18 81
70 88
54 69
61 99
1 48
30 71
32 51
42 52
6 38
37 44
3 36
92 95
77 78
68 84
66 67
27 81
20 93
72 87
27 94
61 97
76 89
89 99
26 87
25 79
22 56
73 83
63 93
71 83
23 51
83 100
19 77
77 94
89 94
84 97
31 93
16 53
29 64
13 75
2 11
34 64
57 100
45 81
58 91
8 36
33 75
48 75
16 27
86 88
49 82
20 60
28 77
27 55
32 59
10 54
18 34
10 27
18 52
39 98
10 21
51 59
21 58
97 98
26 61
94 97
85 99
36 96
99 100
95 99
31 35
37 42
51 67
88 91
76 98
84 100
60 95
49 70
65 93
13 86
35 62
35 96
61 80
39 66
53 96
17 22
42 45
2 39
95 100
4 60
84 87
65 82
78 85
48 79
23 90
22 70
53 61
38 49
10 97
83 93
14 62
83 100
56 61
56 88
74 86
84 94
57 86
5 9
50 58
88 99
15 22
2 40
10 73
34 44
37 54
68 99
31 50
88 96
33 92
99 100
29 33
58 63
89 92
77 92
87 92
9 84
41 72
75 100
59 97
48 49
21 78
41 43
75 83
15 22
6 98
77 99
23 79
48 61
43 89
4 54
19 94
45 63
68 98
12 49
75 97
1 8
11 74
93 94
40 70
50 57
79 96
81 88
41 54
76 83
54 98
51 86
2 75
29 39
39 77
26 84
55 78
13 15
26 41
68 72
40 74
71 93
31 52
53 66
92 98
57 89
29 31
32 77
9 23
90 94
64 74
82 88
16 36
99 100
60 78
52 91
11 90
60 83
9 96
78 89
5 26
9 73
46 76
8 100
38 48
55 97
29 79
91 98
98 100
73 78
80 83
78 90
12 78
87 96
32 77
90 95
30 83
39 46
58 87
85 91
10 66
46 68
91 94
9 19
66 78
45 54
21 30
29 51
21 29
28 86
94 98
70 89
42 60
59 78
87 100
22 79
64 72
82 86
76 88
39 78
2 62
19 44
92 93
32 60
41 79
47 55
59 78
45 90
35 67
71 81
27 71
17 85
65 78
81 100
86 89
32 66
12 35
2 82
73 78
61 86
97 100
11 25
62 64
88 100
25 87
78 92
45 49
18 99
94 97
57 83
92 97
86 91
24 96
89 90
18 32
41 59
35 40
82 92
14 38
21 22
52 82
78 84
78 92
22 87
62 82
20 69
38 91
45 46
87 90
83 89
50 73
36 39
22 35
18 53
89 93
12 94
76 89
69 95
38 78
70 77
96 100
76 88
40 56
2 88
74 87
74 100
64 85
66 98
46 67
76 89
45 81
74 76
80 84
41 90
7 16
52 59
46 60
30 34
84 94
92 96
77 83
55 92
31 35
89 99
22 83
9 27
2 100
70 87
69 78
84 87
37 46
3 98
85 86
83 90
33 72
4 37
14 30
13 48
89 91
19 57
79 84
63 83
55 97
10 60
68 85
83 84
56 61
6 24
7 15
33 60
15 60
65 86
19 42
32 98
50 52
9 34
74 77
88 89
71 94
45 88
26 70
24 99
61 70
89 90
28 90
75 86
34 67
58 71
52 89
95 98
97 98
62 71
85 90
28 56
93 94
82 95
11 53
85 99
22 47
31 87
84 100
2 87
66 83
7 69
95 99
79 85
87 90
29 42
11 23
19 74
28 76
67 86
18 42
42 94
79 89
54 84
39 60
99 100
56 79
84 97
49 65
60 74
48 96
7 30
70 73
1 49
61 62
97 99
58 86
71 100
48 71
28 61
71 94
55 80
26 84
10 53
40 61
11 67
77 93
37 63
8 76
7 41
45 77
16 96
67 80
42 100
12 40
70 85
86 98
50 56
63 78
49 77
15 79
98 100
46 88
14 28
87 97
67 84
8 100
13 84
6 25
21 92
29 56
45 64
9 98
64 99
32 73
17 57
41 98
90 99
98 100
71 73
95 97
11 65
48 98
23 25
49 82
72 83
27 79
62 64
86 96
73 78
67 82
71 92
10 17
49 69
49 78
94 95
40 79
60 87
36 59
30 100
1 23
59 94
8 83
82 91
86 88
50 55
74 81
21 31
32 40
34 61
84 88
16 65
52 76
38 45
14 42
65 71
83 90
38 41
43 56
7 16
3 88
65 69
32 75
18 87
42 47
3 69
64 90
13 50
83 85
63 74
94 96
6 77
42 84
65 84
79 97
87 99
48 50
85 88
89 96
64 84
97 100
7 69
17 85
9 35
7 30
49 78
66 78
76 99
44 77
90 91
32 38
23 94
55 80
71 95
70 88
8 62
74 85
97 98
47 86
77 92
19 49
9 26
85 97
46 97
76 82
63 100
90 97
59 67
83 92
87 92
67 69
41 65
72 93
21 78
29 86
35 56
36 49
51 54
81 93
35 99
52 82
31 92
13 49
88 97
9 54
89 98
45 49
7 55
14 60
23 98
6 28
51 55
1 77
81 97
57 74
6 21
3 49
34 77
31 45
48 81
32 64
30 71
43 70
92 98
43 75
44 56
99 100
33 58
72 85
2 41
86 90
71 98
81 92
13 42
52 57
26 37
77 83
62 98
70 76
34 38
23 87
21 85
97 100
44 86
34 69
14 56
14 51
90 93
65 77
3 23
49 69
52 75
88 99
34 94
8 34
12 53
43 55
88 92
62 82
88 97
91 92
12 28
56 93
67 75
54 92
37 92
72 76
9 35
31 34
88 90
8 84
56 57
10 39
78 81
28 35
20 78
71 73
89 94
2 85
54 84
65 82
47 100
38 45
21 52
91 95
68 87
96 97
42 87
57 76
20 73
99 100
38 67
22 38
38 68
14 28
51 66
42 56
57 59
41 97
62 74
82 94
13 32
71 96
91 99
35 92
38 78
54 79
88 93
17 56
44 93
25 82
3 45
48 83
92 93
41 74
53 86
34 40
56 93
1 35
75 82
22 67
53 97
43 94
66 97
45 97
89 95
39 88
4 40
68 84
74 81
77 94
60 71
99 100
31 45
25 78
10 57
10 52
85 90
83 86
13 31
24 44
56 75
33 67
92 95
11 12
20 93
54 55
97 98
55 80
66 89
56 77
56 89
19 99
52 92
72 82
14 27
87 97
23 96
54 82
56 82
5 17
42 94
51 95
27 72
99 100
88 91
79 97
26 69
91 99
64 71
72 81
4 13
95 98
63 100
24 40
28 63
2 80
52 92
20 62
53 84
49 88
21 76
51 97
76 93
87 96
32 82
22 64
63 76
28 70
49 91
36 96
87 95
74 75
60 88
83 88
35 46
45 53
82 93
99 100
10 32
92 100
62 85
28 31
22 74
87 89
48 72
52 75
63 71
18 89
69 87
34 63
70 88
54 97
91 92
25 27
77 96
11 52
57 64
71 79
53 61
97 98
25 57
10 57
29 49
49 68
82 92
41 63
10 92
57 63
59 92
98 100
77 84
71 72
19 82
6 56
80 87
2 17
42 56
17 93
6 98
8 53
97 98
40 87
47 98
63 79
97 98
64 69
54 74
23 40
42 56
56 97
70 91
71 76
59 98
52 99
60 94
52 74
11 29
44 89
25 46
98 100
13 37
38 78
98 99
38 47
24 37
15 48
40 68
93 100
31 98
68 72
9 67
67 69
14 41
33 78
33 86
17 39
10 41
8 73
48 79
10 90
53 94
53 82
50 70
80 93
10 48
87 99
13 37
56 71
96 97
61 92
5 14
86 91
90 94
33 69
87 99
53 86
18 76
12 52
11 76
64 98
46 72
6 64
79 90
44 67
45 66
57 80
25 61
6 74
50 96
44 100
51 68
6 20
3 85
98 100
79 99
3 8
86 97
91 97
65 98
82 83
43 78
15 38
22 82
87 99
85 98
45 55
17 29
27 85
89 98
1 88
56 62
69 97
72 92
82 87
71 90
38 50
70 76
6 94
74 99
71 74
89 100
10 80
9 12
95 98
56 70
72 88
94 97
66 94
46 50
90 93
49 61
4 76
2 19
71 75
3 49
17 36
49 52
87 88
99 100
18 44
78 96
41 89
87 100
13 45
42 87
97 99
91 94
93 97
14 97
24 94
79 92
7 83
48 59
94 95
11 82
16 48
29 73
7 46
82 99
51 98
97 100
60 84
44 72
42 86
75 93
50 53
20 24
42 75
71 72
24 37
8 66
37 71
75 90
39 87
66 98
47 66
40 43
3 23
93 97
10 68
54 75
7 20
88 97
51 80
97 100
36 93
3 93
50 71
84 97
81 96
79 83
86 97
99 100
25 92
79 99
72 74
16 90
22 25
97 100
78 93
3 58
67 76
56 58
44 51
18 96
50 60
4 72
77 98
98 99
97 99
83 93
33 52
20 98
97 100
3 89
95 96
57 86
23 54
75 87
34 64
38 40
32 68
71 92
49 91
60 94
61 89
38 45
15 59
25 30
5 63
9 83
92 100
36 61
80 84
14 70
50 93
98 100
84 92
61 67
55 66
2 50
31 77
17 29
61 99
86 94
90 93
68 96
82 87
1 59
91 100
72 75
51 63
54 70
37 88
96 98
69 88
38 91
94 99
48 75
42 50
55 98
68 71
78 94
1 9
19 55
76 83
97 99
14 51
55 72
94 95
50 81
86 90
82 100
8 14
98 99
43 74
79 82
31 70
86 89
3 61
47 89
30 88
85 90
38 94
48 61
31 90
41 44
25 97
42 78
1 24
90 94
76 90
8 36
34 76
82 84
68 80
45 66
19 69
77 99
45 94
76 97
90 98
33 44
24 81
24 65
74 98
84 87
74 96
79 92
11 16
5 19
97 100
67 98
79 91
59 84
78 86
83 96
93 98
39 59
44 77
30 59
4 12
94 99
91 95
35 93
67 86
41 79
12 84
64 99
21 36
67 97
5 17
5 97
29 80
20 44
70 76
59 99
34 52
77 93
4 79
12 75
77 90
24 90
57 61
82 97
24 89
84 100
10 92
74 98
58 70
79 96
7 99
10 54
81 89
41 61
10 87
41 43
90 91
31 73
98 99
69 91
44 77
39 89
1 20
27 58
15 55
73 93
81 83
73 84
36 66
37 38
28 35
53 100
25 36
91 92
24 91
64 100
5 25
6 44
13 72
88 95
6 26
98 100
43 73
40 99
58 91
62 82
2 39
76 84
72 98
75 92
43 55
6 88
3 52
8 20
95 97
84 87
7 46
4 7
60 80
98 99
81 99
64 83
93 100
33 58
95 97
7 39
88 94
31 56
8 29
15 48
26 72
37 54
68 99
82 84
28 74
30 83
10 23
36 57
91 95
43 61
31 41
49 85
13 28
71 93
61 81
42 82
98 100
66 85
11 74
74 99
59 87
18 69
20 69
18 22
1 36
26 75
85 95
19 45
93 100
56 88
72 81
54 90
33 74
86 95
27 95
67 81
92 99
38 73
62 86
94 96
51 68
94 95
37 74
74 85
25 28
12 70
29 73
60 92
69 72
13 45
83 92
96 99
83 85
66 93
54 78
1 41
94 96
60 65
38 81
27 34
28 71
61 68
87 90
17 75
68 88
52 91
15 49
40 65
15 26
71 80
89 98
16 63
3 13
32 70
10 33
27 100
43 83
23 73
73 77
30 89
17 58
13 32
32 81
30 68
86 90
25 92
33 84
68 92
73 98
13 91
47 92
79 87
33 68
14 66
88 90
47 50
19 50
96 97
14 57
38 81
24 92
89 97
19 26
31 37
21 73
7 59
18 46
31 55
84 100
49 71
5 61
67 73
2 42
5 50
13 49
87 91
71 94
29 95
57 92
26 68
84 96
11 89
59 63
76 89
3 45
38 69
65 98
36 97
18 88
35 52
55 83
46 82
97 99
1 95
26 94
21 39
25 97
22 81
80 98
58 88
16 95
87 91
86 87
42 98
36 80
81 82
34 39
30 57
92 100
60 89
77 82
31 95
25 26
32 93
66 89
66 79
75 94
4 78
55 73
27 75
50 64
33 83
20 25
2 99
66 77
63 94
36 85
16 41
89 96
29 98
67 83
35 97
53 57
84 97
32 68
71 92
76 87
80 87
52 66
70 86
53 59
54 66
95 100
86 88
43 66
3 94
14 55
48 97
44 67
30 81
48 67
12 96
52 58
6 98
41 90
91 96
8 90
83 97
24 52
96 99
35 54
32 52
99 100
35 50
63 94
36 68
5 90
24 83
35 87
91 100
71 72
69 80
8 12
92 95
60 77
48 49
36 48
99 100
95 100
71 91
48 98
91 95
80 84
33 85
7 19
17 43
99 100
51 81
50 90
24 28
16 37
91 96
37 50
81 89
43 78
81 96
60 94
85 99
19 53
15 77
71 94
55 64
52 68
37 66
58 67
11 54
73 98
21 70
50 77
51 67
57 72
34 72
81 91
6 20
40 83
86 95
51 99
80 95
29 92
68 92
73 74
89 91
87 88
82 89
15 65
79 86
20 34
49 91
14 44
31 76
34 84
14 87
93 95
59 88
99 100
36 100
60 93
90 93
84 92
61 85
84 88
34 77
91 96
87 98
82 93
45 81
65 79
12 69
68 81
61 80
9 22
78 80
5 66
39 42
64 99
98 100
41 54
78 80
98 100
60 75
37 78
20 63
66 81
39 57
64 76
45 53
70 86
80 98
16 35
64 99
95 96
74 80
87 89
75 97
43 98
27 37
44 76
30 76
45 74
3 14
94 98
74 92
72 84
69 79
24 73
83 84
21 87
21 46
41 70
81 93
96 100
91 92
96 97
44 84
78 90
58 61
92 94
3 76
72 86
27 95
81 95
17 98
56 81
15 35
52 57
51 92
7 92
5 82
7 13
31 78
17 22
4 78
14 75
84 90
1 43
76 89
60 68
79 84
85 86
79 98
85 89
39 69
86 100
64 90
11 99
53 66
82 92
87 93
38 69
70 86
60 81
90 95
57 58
81 100
66 86
87 92
31 54
90 97
27 33
18 50
62 64
70 97
69 86
4 97
61 97
7 41
27 42
87 94
90 98
34 39
30 60
55 89
97 98
54 78
86 87
55 59
43 100
41 76
42 100
94 97
10 47
38 50
44 78
32 74
98 99
42 75
77 100
48 97
19 79
70 91
96 97
16 94
52 62
18 20
39 81
49 82
24 78
6 86
31 63
37 96
45 85
8 70
83 93
78 97
47 96
78 86
64 79
87 96
12 45
53 98
69 85
1 96
69 87
46 75
78 85
62 69
11 80
32 34
91 96
3 29
63 100
16 68
62 72
99 100
66 81
94 96
16 29
31 35
34 52
94 95
47 72
13 66
3 28
9 71
20 46
28 43
60 64
16 43
41 63
33 100
81 85
87 96
29 97
70 96
27 80
82 83
70 73
43 52
45 63
33 98
57 58
5 29
61 86
6 33
18 46
16 63
46 62
72 93
36 100
92 99
78 98
39 97
55 85
51 96
90 92
94 95
64 81
35 81
7 78
16 58
85 94
20 32
69 97
87 98
33 66
22 79
41 91
88 95
77 92
85 91
7 27
80 89
74 85
62 71
62 69
68 86
6 23
64 74
83 99
70 77
89 93
27 32
89 91
55 71
87 98
40 52
87 97
73 82
93 100
79 92
12 69
82 94
17 77
17 22
43 75
52 59
46 49
23 63
22 24
54 100
6 60
53 62
48 68
55 65
96 100
28 84
62 92
78 95
23 49
93 97
21 59
61 89
15 82
75 100
55 83
5 44
26 78
13 85
25 43
5 43
32 35
92 98
44 90
68 85
4 44
53 90
15 74
24 57
79 81
92 97
31 58
19 99
13 57
55 83
74 86
93 98
21 68
8 75
9 45
63 99
12 92
4 12
46 50
64 71
96 98
32 87
9 84
5 88
3 83
59 86
78 81
96 99
56 89
54 55
29 90
73 92
67 97
99 100
55 56
1 66
96 100
97 99
75 79
70 93
5 34
54 89
38 95
77 84
1 74
57 64
1 27
2 51
67 85
42 63
4 76
52 97
76 85
39 76
36 87
18 24
98 99
14 37
78 98
7 82
91 100
94 99
38 65
50 79
76 95
81 100
77 98
28 30
10 97
56 87
18 52
49 54
38 98
61 68
44 71
42 100
35 57
82 84
83 92
20 21
33 52
11 22
82 88
43 61
41 92
90 96
71 76
61 66
48 53
64 66
3 69
44 92
13 25
92 95
94 98
4 69
49 88
72 75
49 98
3 56
84 100
35 45
67 92
47 57
21 36
38 69
44 74
68 73
75 92
38 64
55 78
94 95
5 60
55 71
26 90
11 33
29 67
28 90
1 2
96 99
29 37
45 53
80 98
66 89
47 87
80 93
68 81
82 92
56 78
96 97
86 96
68 99
32 46
54 85
84 93
99 100
11 97
95 97
44 59
90 100
22 23
28 66
63 78
54 72
26 56
76 83
23 71
75 95
27 38
43 74
57 74
42 44
76 80
45 75
90 100
83 92
68 88
37 53
85 99
91 100
15 74
27 79
54 83
23 96
16 86
77 92
76 94
1 63
12 92
97 99
96 98
91 100
25 84
10 13
5 90
74 81
91 98
23 57
17 66
7 74
74 89
82 84
26 68
58 81
71 87
99 100
61 76
52 74
3 34
93 97
16 38
80 99
96 98
88 94
70 99
12 50
49 59
28 48
7 70
88 96
82 83
52 59
6 86
5 85
85 96
86 90
30 32
83 100
45 88
94 97
96 99
26 67
59 77
35 89
45 49
62 98
45 82
96 100
72 97
82 100
27 96
30 31
83 94
53 68
21 40
56 57
1 31
31 33
95 100
69 81
83 96
51 59
29 67
23 61
25 47
16 43
54 59
16 21
33 61
58 67
81 95
39 45
6 94
6 81
19 33
45 74
94 96
20 83
79 82
70 72
51 79
32 70
65 81
76 100
58 68
62 72
55 61
53 89
60 94
25 89
66 88
21 26
67 82
30 99
9 75
23 26
58 63
55 99
32 46
1 17
61 87
26 67
45 91
56 59
33 37
64 85
43 76
5 7
14 15
43 45
7 12
9 24
77 85
8 66
94 97
15 85
66 74
8 80
20 61
53 90
17 61
91 98
27 100
49 91
68 96
14 15
30 72
10 90
59 100
9 17
67 97
97 99
16 88
62 73
29 75
94 97
23 53
75 79
68 85
57 79
86 98
97 98
8 13
48 61
78 88
71 85
38 52
73 76
77 91
43 65
85 87
79 99
85 86
76 99
87 93
73 85
45 58
44 51
46 57
98 99
31 55
9 36
63 91
12 61
41 45
97 99
79 97
54 62
63 81
57 89
82 87
95 100
45 59
98 99
17 93
76 78
34 38
28 91
73 94
32 87
15 46
71 74
70 95
9 38
33 34
74 92
15 82
62 100
9 50
7 38
66 82
48 56
28 57
37 44
69 88
98 99
33 53
6 67
88 100
82 92
96 98
82 89
24 72
62 87
78 99
10 80
13 57
27 78
73 78
38 78
26 33
22 91
51 56
42 87
42 72
62 97
76 86
32 45
20 75
31 63
19 76
45 72
47 52
71 80
53 60
29 97
86 99
63 67
44 84
16 68
3 11
79 97
15 34
71 90
81 92
50 76
19 28
46 54
30 36
88 92
74 100
9 71
70 76
25 79
9 58
60 78
22 83
15 80
80 84
44 46
65 82
48 65
86 89
46 67
94 95
31 46
62 67
68 75
65 83
60 76
67 78
4 15
17 95
94 97
59 67
93 96
93 95
3 6
52 67
73 90
48 98
97 100
65 67
98 99
33 38
67 82
60 84
75 89
79 99
91 96
62 70
59 97
64 68
33 46
70 72
51 87
67 93
36 66
55 91
87 97
6 35
94 99
52 83
98 100
72 80
26 38
20 28
73 100
47 82
11 53
14 100
5 8
1 4
39 56
27 35
17 75
89 95
34 57
29 36
91 97
33 67
65 91
86 90
70 87
81 85
52 76
79 82
50 89
69 84
49 50
90 91
70 77
59 74
24 46
95 99
75 77
66 68
23 91
38 65
78 81
80 83
19 87
87 88
5 95
68 94
52 74
84 100
22 31
65 91
52 94
84 86
61 70
52 57
60 82
71 75
25 33
28 63
23 42
75 96
82 91
60 71
81 85
68 95
49 51
26 37
52 81
45 55
62 95
41 63
85 100
6 25
31 62
82 93
20 90
9 80
89 99
83 92
20 84
20 35
21 45
35 51
3 37
52 85
84 99
56 69
52 80
82 85
19 50
69 72
14 47
69 88
36 55
46 49
95 96
42 71
9 26
56 70
34 90
98 99
35 55
92 96
61 84
64 99
3 92
89 97
55 76
62 78
23 63
28 67
82 84
60 72
74 81
25 74
17 89
3 46
15 87
16 40
61 97
35 64
96 100
16 47
42 70
18 79
51 79
83 97
2 19
19 100
80 90
51 84
75 95
3 79
24 69
63 64
49 67
4 71
13 30
91 94
19 94
84 92
19 92
34 95
24 53
85 90
87 96
12 89
74 83
59 79
55 68
48 80
65 78
96 97
56 83
32 82
76 79
34 40
20 99
78 85
62 92
49 65
51 87
60 92
30 88
55 96
4 22
50 77
98 100
66 81
32 84
26 55
53 58
58 69
43 80
82 91
81 90
23 87
22 23
20 22
5 46
95 97
56 76
24 55
86 97
83 100
42 76
31 76
33 93
75 90
78 100
88 90
88 94
39 97
51 57
85 92
6 14
5 79
2 88
94 95
10 54
42 92
83 96
80 90
50 70
21 75
10 19
6 34
41 78
52 78
84 96
25 77
89 93
32 33
21 95
61 81
98 100
61 83
51 54
75 76
81 91
53 69
18 68
20 38
43 46
40 80
64 91
77 95
56 77
47 74
94 95
93 100
29 70
74 79
36 54
93 95
53 75
55 76
83 95
85 90
42 85
2 42
34 88
53 99
57 59
42 44
1 7
31 95
26 82
45 48
28 37
80 81
38 65
28 91
79 100
31 39
36 89
57 80
27 74
35 54
87 98
30 49
12 68
89 91
58 99
53 84
11 83
54 70
55 92
96 100
78 95
55 89
67 99
49 55
77 88
79 92
90 91
47 51
97 100
52 84
44 81
3 99
69 95
5 32
72 97
9 49
51 61
28 75
28 71
43 96
18 19
11 96
54 63
52 62
28 50
78 90
46 68
19 74
79 98
97 99
99 100
31 77
60 69
92 96
55 62
26 92
74 100
29 89
17 21
22 77
65 91
94 98
75 82
50 83
21 25
65 84
99 100
55 81
72 90
66 74
32 57
3 36
73 75
5 38
62 100
59 100
71 84
3 23
89 95
64 83
64 98
15 92
78 94
92 95
44 100
34 52
90 98
8 45
35 42
78 88
20 99
86 89
4 10
74 80
94 96
52 100
79 89
24 40
89 99
77 99
33 89
55 77
10 15
90 98
77 85
66 72
65 90
50 91
19 38
57 100
40 63
28 66
33 59
43 65
34 66
66 90
93 95
58 65
14 50
25 57
15 65
53 83
26 43
15 99
67 88
65 100
25 85
27 55
89 92
93 99
59 86
37 86
73 76
49 80
72 94
8 22
60 80
97 100
71 78
71 90
98 99
87 88
94 95
5 16
8 31
70 99
60 87
88 92
23 78
99 100
7 53
56 58
24 25
28 87
20 79
29 68
58 73
84 96
41 71
40 100
47 65
37 92
76 95
41 97
83 95
57 89
81 99
10 69
9 74
48 51
33 39
21 81
86 96
86 93
4 31
33 50
60 96
34 97
99 100
42 69
97 99
38 59
10 30
29 42
19 73
29 48
28 63
2 24
25 97
1 58
66 78
7 64
99 100
68 84
60 100
53 99
2 79
34 71
48 96
99 100
54 84
19 56
58 70
46 59
11 41
99 100
64 89
6 21
11 84
23 68
43 63
62 75
31 64
6 90
7 95
24 84
11 68
33 94
31 88
54 91
74 88
34 62
76 100
94 95
41 88
50 98
76 78
80 88
18 44
87 96
35 67
31 48
80 87
60 77
1 20
45 96
46 71
22 62
28 32
62 90
31 58
74 96
35 90
35 36
89 100
84 86
35 100
68 96
55 87
63 75
62 82
60 97
55 75
54 95
93 97
19 91
19 88
95 99
43 80
82 95
71 85
74 94
52 80
9 63
21 53
73 89
64 73
64 66
24 79
94 95
92 95
96 99
41 94
78 86
69 88
95 96
87 92
8 87
80 95
42 93
63 84
96 100
98 99
41 88
71 78
80 93
93 98
46 63
27 93
66 94
29 55
71 72
54 93
3 43
61 83
85 97
60 87
10 49
7 55
1 12
17 95
16 35
7 90
47 98
11 93
71 82
86 91
27 48
88 93
54 90
81 83
73 76
91 94
59 77
72 94
71 72
74 86
80 98
98 99
93 100
14 68
77 88
51 91
6 83
2 66
27 51
74 76
64 97
30 81
67 90
32 43
4 10
55 61
27 88
71 88
7 53
62 98
42 97
80 97
66 89
7 77
58 78
24 43
39 74
48 87
25 68
63 80
71 91
66 69
76 94
82 94
25 50
74 95
91 93
78 94
96 99
9 100
56 71
53 54
1 73
14 41
97 99
95 100
68 76
15 73
24 59
33 62
15 18
66 87
28 68
94 100
98 100
10 41
1 95
43 66
71 77
92 97
22 28
2 33
14 32
99 100
36 88
70 98
59 61
53 95
21 85
27 34
3 81
11 31
46 96
10 63
97 99
47 58
3 81
3 63
45 98
23 60
50 86
91 93
65 78
45 53
17 44
20 31
56 99
10 57
14 65
26 89
46 68
33 54
23 98
67 73
22 47
77 87
77 81
37 91
61 85
47 91
30 97
65 83
34 51
98 100
3 39
5 44
8 82
10 76
33 90
9 25
29 65
57 100
1 71
96 100
97 99
67 73
48 75
1 40
27 29
71 78
78 83
10 80
93 96
29 45
55 77
90 91
68 90
49 66
73 100
6 20
46 48
4 73
31 93
12 23
51 97
14 59
84 100
49 85
36 47
38 74
86 98
20 31
67 77
43 72
20 92
47 55
4 29
54 66
9 91
30 83
44 73
11 57
29 47
80 99
91 92
86 88
93 96
52 71
75 95
20 35
39 74
49 62
82 98
16 20
86 95
33 35
64 97
43 84
96 100
6 61
35 39
16 59
16 41
89 94
60 89
60 80
1 82
90 99
23 67
79 94
37 57
48 55
92 97
90 97
44 52
75 76
68 69
65 67
65 93
81 85
15 44
40 52
47 52
92 95
84 90
32 36
10 44
48 90
33 81
29 93
97 98
85 88
11 63
73 75
23 43
24 36
53 61
34 43
90 96
28 70
49 85
60 75
22 55
50 56
9 32
28 66
58 89
79 81
4 45
73 77
43 97
60 89
9 24
13 71
15 99
11 99
20 86
46 68
65 92
23 79
67 81
58 88
94 99
49 69
15 65
96 98
55 65
79 92
43 48
43 50
80 85
8 79
23 48
69 81
1 3
79 86
76 100
85 90
50 80
31 88
27 53
70 77
55 85
18 20
32 49
88 95
14 69
27 77
4 8
5 27
65 68
77 80
27 40
72 74
42 64
9 73
51 96
18 81
15 79
60 90
78 90
13 83
16 22
29 40
34 36
27 88
62 66
26 71
31 48
78 86
55 76
16 79
16 25
62 84
76 84
35 44
5 91
71 98
60 63
15 66
4 81
5 57
71 98
78 91
22 90
60 70
49 53
27 80
74 94
21 26
52 96
21 22
55 94
21 58
91 97
39 43
24 90
5 86
44 68
35 89
57 88
71 82
53 79
69 99
98 99
10 56
31 80
41 52
99 100
13 76
26 71
99 100
34 80
90 95
98 99
44 75
13 82
62 80
71 99
14 26
87 91
39 62
69 75
67 91
24 63
95 100
52 74
39 50
86 90
23 52
33 61
97 98
90 91
79 94
76 93
79 93
56 90
20 63
95 100
17 48
40 85
14 51
30 83
52 80
61 65
59 99
10 16
40 72
9 26
67 72
16 32
32 83
44 77
56 92
14 89
55 60
79 97
13 23
90 95
78 82
59 67
52 81
68 87
58 71
15 25
67 96
6 89
83 96
13 99
51 87
96 98
92 99
97 98
29 68
40 42
1 3
3 20
55 62
18 92
87 96
71 75
16 55
39 41
92 98
48 56
5 53
88 89
89 98
70 91
1 26
52 75
54 72
36 67
16 58
38 91
9 49
66 77
48 67
75 98
65 100
52 68
13 17
8 91
50 79
95 100
58 72
77 91
18 19
24 66
76 92
85 97
52 95
8 50
96 99
48 49
55 60
53 65
68 91
44 68
26 34
93 95
34 54
33 67
17 38
56 63
80 88
81 94
91 93
28 59
88 92
64 86
63 65
1 25
63 96
57 78
17 44
7 89
55 92
11 94
25 83
42 50
66 67
25 73
52 73
79 96
49 62
1 92
35 80
64 69
82 100
79 83
69 89
96 97
44 51
73 89
64 69
13 54
71 93
85 94
1 39
37 62
3 43
8 67
63 94
36 83
10 48
18 54
74 93
51 52
21 50
58 80
99 100
22 62
24 27
2 9
54 76
96 99
65 98
4 14
90 93
33 42
27 64
47 49
73 96
77 89
5 11
71 93
47 85
46 56
56 75
87 96
77 92
77 88
53 85
83 84
4 65
89 94
11 21
17 85
53 66
5 86
8 76
90 97
64 79
80 81
92 97
26 90
78 91
20 48
80 91
12 27
35 63
63 100
37 61
46 88
47 69
83 89
44 50
68 73
61 74
46 77
57 80
76 80
15 23
84 87
57 63
26 98
68 83
37 83
76 89
29 42
34 99
87 88
19 84
28 79
92 97
84 88
69 81
64 97
90 99
58 70
88 89
34 77
30 66
11 68
97 100
28 59
42 83
11 45
38 74
62 94
59 64
56 69
46 54
89 91
56 69
44 98
79 84
17 88
94 96
10 97
64 67
79 90
46 89
72 95
5 74
37 57
10 32
49 56
98 100
27 93
10 48
70 73
28 83
27 46
84 87
78 92
39 80
93 97
66 92
9 71
17 91
92 93
39 83
67 74
42 46
17 84
94 96
88 99
33 43
87 93
69 97
84 92
81 94
46 68
69 86
81 90
68 88
39 63
88 92
40 68
79 87
77 90
3 81
68 87
86 94
95 99
63 91
19 29
46 52
91 99
72 84
73 76
54 74
58 91
48 95
19 56
17 82
95 96
72 83
5 74
82 83
19 75
29 43
91 97
86 99
52 54
37 40
88 95
63 70
4 49
54 63
75 96
55 89
29 53
88 100
12 78
7 71
98 100
76 85
36 81
53 65
25 44
68 69
53 83
80 91
1 54
88 95
4 56
91 98
12 93
81 92
27 47
44 58
45 73
61 83
8 18
90 96
75 100
25 76
15 17
89 98
48 85
79 92
20 81
21 62
46 74
32 95
10 53
76 87
42 92
85 86
84 93
42 63
43 99
9 86
45 62
70 100
15 29
7 19
62 95
36 40
7 11
66 100
40 53
81 92
46 96
99 100
64 85
49 99
39 53
66 78
35 74
1 5
44 61
90 96
90 97
25 79
40 88
54 81
23 85
35 47
83 90
2 30
68 78
46 62
46 100
96 98
96 100
52 85
47 50
2 9
86 94
72 76
66 69
18 31
80 99
9 40
55 63
33 43
38 73
71 98
20 51
41 93
67 70
96 100
9 15
58 99
53 71
62 81
74 90
23 51
60 80
73 90
30 95
87 94
39 50
51 87
85 97
90 93
5 92
2 86
88 92
23 41
17 51
71 87
30 88
80 90
32 52
91 95
51 90
98 100
57 62
16 67
43 74
79 88
88 94
32 77
14 50
9 59
24 85
78 95
63 86
53 58
83 94
30 93
36 70
53 58
3 85
88 94
62 69
93 100
19 48
49 86
86 90
71 93
44 89
53 75
83 89
47 56
29 61
45 64
70 80
81 84
3 63
91 94
84 89
61 92
18 90
9 91
76 88
15 27
69 77
69 96
68 79
15 83
1 93
94 97
12 30
61 99
12 40
41 72
26 67
61 89
34 86
67 73
32 72
92 100
11 93
89 93
68 100
58 78
57 100
32 83
90 97
18 41
2 7
55 87
70 91
17 48
31 84
77 85
67 73
3 63
6 85
81 93
5 56
25 26
73 86
8 21
12 65
22 99
69 89
45 59
76 78
98 99
98 100
87 98
73 76
89 97
8 15
2 63
70 90
10 95
50 99
68 87
47 66
94 98
33 37
17 40
74 76
26 77
47 71
41 66
7 44
45 84
97 99
9 49
32 84
52 97
11 60
59 63
43 45
98 100
31 86
79 88
67 90
62 77
11 32
83 86
1 23
8 40
76 91
59 80
28 86
42 46
95 96
19 79
18 93
49 96
26 50
35 62
25 95
20 47
40 77
52 82
61 89
65 80
64 78
1 88
66 87
13 88
72 89
87 98
63 96
3 50
99 100
81 87
95 99
57 70
16 68
85 87
61 66
48 83
7 43
82 87
30 67
48 56
27 96
98 100
38 70
66 71
59 71
17 48
95 98
79 86
34 69
14 27
52 78
38 65
69 94
51 70
69 96
75 90
69 70
83 93
78 91
93 99
28 64
34 93
14 60
37 46
15 64
67 76
50 80
59 80
41 71
45 82
13 39
71 96
30 52
70 83
88 98
84 100
60 81
22 44
12 75
32 80
98 100
75 86
48 67
86 90
30 41
5 65
56 65
58 88
61 82
84 88
46 100
85 94
22 47
68 84
22 33
9 90
51 68
59 66
8 93
39 40
69 97
65 89
66 84
5 22
38 65
50 66
1 87
88 98
8 51
57 86
50 71
60 65
58 86
40 59
68 99
86 89
13 58
59 68
86 97
28 56
57 83
82 85
72 96
37 87
33 87
70 100
72 90
28 52
26 28
36 79
33 91
40 43
35 80
15 60
28 70
90 95
37 64
2 50
56 82
17 30
33 88
83 90
36 81
95 97
83 84
61 80
81 98
60 72
33 99
60 68
75 92
3 23
18 50
17 24
15 35
62 63
66 85
71 85
62 97
97 99
83 94
27 74
66 76
56 58
27 97
17 34
85 91
23 57
62 98
40 86
87 93
55 86
13 62
6 54
44 91
16 91
98 99
41 65
10 28
83 87
58 65
4 74
86 92
51 64
53 76
77 99
81 82
22 87
74 91
56 83
45 66
75 83
25 89
8 82
6 49
41 71
88 92
38 91
77 84
42 76
96 97
32 92
76 79
38 93
75 80
85 95
2 81
52 65
75 84
30 92
20 98
77 97
3 20
34 87
31 46
90 95
23 80
3 46
26 28
26 30
62 90
56 89
20 59
65 72
93 94
7 28
91 92
90 97
9 47
2 45
92 93
43 88
78 81
88 94
54 83
55 96
2 19
29 87
82 100
84 87
38 70
31 46
31 74
20 73
34 53
49 64
74 76
88 98
37 54
82 99
57 65
40 61
82 85
58 76
39 54
23 53
90 93
97 99
21 32
55 82
31 71
79 98
66 70
67 80
91 99
76 92
3 66
41 65
17 66
96 99
13 51
43 51
55 83
96 99
15 16
33 56
69 90
93 98
28 100
62 97
56 68
57 93
32 80
70 74
39 79
92 99
99 100
54 95
60 91
13 70
37 76
34 84
44 51
90 93
90 94
8 35
68 72
10 79
55 89
83 91
3 81
94 96
68 74
10 19
52 87
30 34
87 93
89 97
73 79
64 86
56 99
80 100
88 93
17 41
56 100
81 92
86 99
44 71
56 65
13 48
1 44
26 90
35 98
76 98
91 97
8 21
99 100
7 33
96 100
54 78
91 100
17 99
87 95
83 100
76 87
13 14
99 100
80 81
21 66
16 88
61 100
7 73
70 89
60 84
95 96
98 100
88 93
85 99
28 64
47 82
9 27
6 84
62 79
64 73
59 99
79 89
63 96
49 94
84 100
59 76
11 68
23 61
45 48
30 74
49 60
70 81
9 62
34 79
23 71
51 70
34 51
83 98
2 92
16 89
35 87
70 100
87 94
95 100
33 49
42 53
16 68
83 89
5 94
86 93
39 74
7 29
4 23
93 94
1 12
88 100
82 92
7 28
94 95
81 98
96 100
58 84
16 60
13 82
93 99
2 78
91 98
95 96
95 100
19 26
9 17
40 49
62 86
28 64
24 53
45 71
49 57
63 96
56 98
85 98
47 81
61 80
80 99
78 84
12 79
19 46
94 96
44 61
80 85
41 60
84 94
45 66
78 93
88 98
67 78
22 51
7 13
98 99
29 40
16 57
25 89
95 98
50 83
72 74
16 97
1 60
14 41
37 95
43 82
12 92
2 62
39 44
86 99
86 88
83 84
59 65
78 93
3 63
88 92
88 97
19 89
6 70
65 66
75 87
72 85
57 73
32 41
53 56
72 100
52 71
9 100
62 85
90 99
36 69
42 92
59 83
9 89
6 57
19 53
12 48
70 87
98 99
55 59
76 91
23 42
66 77
94 96
73 79
50 78
44 81
70 80
44 46
82 85
94 98
71 75
90 96
11 91
51 60
88 99
17 30
67 81
45 74
52 87
38 46
15 33
16 53
50 75
98 99
5 16
12 50
47 78
59 63
39 46
83 96
72 78
80 92
7 99
55 93
13 30
99 100
17 78
91 95
82 90
78 87
12 69
48 91
87 98
54 89
73 94
7 31
66 76
70 88
16 43
8 59
31 56
96 100
63 93
58 73
90 95
34 54
16 68
37 69
59 79
17 95
6 23
80 93
54 67
85 86
40 78
59 81
84 87
64 93
28 81
47 67
17 89
14 38
94 98
60 79
49 85
80 86
94 97
10 38
42 89
23 25
94 100
18 35
69 99
37 51
57 91
37 85
30 85
63 70
5 68
48 65
66 73
76 86
76 97
49 78
57 93
75 76
71 81
34 98
7 19
45 64
73 94
56 92
16 98
23 48
69 70
74 78
40 90
34 57
55 85
97 98
47 57
33 87
30 84
9 12
38 63
15 37
66 98
76 78
84 93
31 47
85 91
63 91
27 97
78 87
10 80
2 26
82 86
82 100
3 34
85 97
28 86
69 78
98 100
20 74
66 73
24 83
22 54
82 94
97 99
29 80
88 95
56 58
59 95
8 72
95 97
58 95
62 73
30 93
9 44
52 91
19 94
34 35
21 22
49 61
51 95
9 91
11 47
1 81
87 95
89 92
83 94
67 96
46 89
14 33
99 100
87 100
14 100
89 92
92 93
28 62
6 93
33 40
72 86
23 58
5 41
6 54
18 31
97 100
11 36
35 99
54 55
85 99
52 63
16 71
25 50
27 96
99 100
11 30
37 97
56 69
71 78
31 46
16 45
84 89
7 31
5 7
21 43
56 97
48 70
39 100
70 91
3 67
98 100
56 67
42 43
83 97
66 100
37 94
72 79
8 11
9 100
33 83
23 92
52 82
47 66
75 87
58 62
61 81
82 92
73 82
96 97
31 57
90 100
90 94
50 66
94 95
10 82
22 78
55 56
76 84
11 33
45 95
89 98
51 62
60 89
66 79
79 99
74 77
69 94
58 81
84 88
19 35
27 35
74 86
83 94
76 100
23 47
57 66
36 76
70 82
59 65
35 45
44 78
36 66
49 81
2 97
84 86
1 92
1 83
89 90
46 59
47 74
92 100
26 60
41 85
63 99
29 61
77 83
15 77
82 96
95 99
79 86
30 38
10 85
90 93
63 91
54 82
31 58
45 51
58 84
22 52
22 93
40 79
85 100
87 95
32 83
98 99
47 81
72 90
59 94
77 83
86 97
90 95
17 46
33 67
56 91
64 97
84 97
85 88
53 67
30 83
45 86
71 90
57 86
35 65
11 58
68 72
51 62
7 47
40 92
29 75
22 82
27 53
35 67
84 97
66 93
83 91
31 69
45 99
60 95
14 38
75 83
88 90
40 92
30 67
84 100
26 81
55 74
43 61
7 17
69 97
9 87
58 97
47 67
76 79
1 40
75 91
5 59
85 89
38 80
58 93
78 82
41 98
47 92
15 25
77 97
2 32
64 98
39 64
94 97
41 69
25 88
58 90
3 42
30 41
27 83
61 70
1 100
12 13
91 96
19 82
72 92
62 96
10 49
80 88
26 50
39 97
69 86
74 92
19 98
13 60
79 95
80 95
71 88
97 98
77 98
1 23
65 85
53 87
21 85
11 37
36 79
89 97
73 91
7 27
49 73
50 67
72 82
28 63
62 92
81 85
89 90
78 90
74 82
99 100
70 74
29 93
68 90
37 94
69 81
10 24
35 77
74 89
76 80
89 91
90 92
65 84
10 30
44 99
66 75
48 99
26 42
6 35
14 47
46 96
90 100
10 23
68 87
45 82
56 87
24 82
19 35
75 97
18 45
60 65
55 75
68 87
53 97
84 88
10 50
2 73
62 99
7 98
84 96
41 45
79 100
58 88
60 87
60 100
89 93
60 82
1 93
48 71
18 50
80 93
41 75
14 84
9 55
69 78
67 91
64 82
6 25
93 97
70 98
87 97
98 99
52 53
9 68
1 98
75 84
80 95
38 46
10 30
53 62
40 70
45 76
37 51
92 100
4 34
55 70
47 89
14 65
13 45
34 60
60 65
87 95
42 56
79 91
44 69
13 14
34 72
98 100
5 8
96 99
32 73
65 66
55 99
3 69
92 98
75 96
82 83
2 60
96 97
89 92
90 99
2 76
37 94
49 95
33 36
67 84
94 96
98 100
45 98
27 99
14 31
84 98
46 85
72 80
48 89
40 84
44 71
35 86
6 7
68 76
12 79
55 90
82 83
2 67
73 83
49 87
69 70
51 86
50 84
46 84
68 93
50 87
23 93
17 27
71 76
75 76
52 87
6 64
53 88
66 84
19 41
27 59
26 30
20 51
17 78
66 84
4 58
84 95
65 95
57 60
35 73
34 92
85 92
60 67
39 61
30 95
81 91
13 59
21 86
77 100
87 90
71 100
72 95
56 93
34 39
57 81
70 86
55 58
67 97
60 86
46 71
80 94
82 88
57 83
63 91
59 75
30 38
4 61
66 93
25 28
12 63
16 69
21 24
98 100
73 75
39 83
48 64
49 68
69 94
11 41
35 79
45 49
30 40
95 97
45 68
94 98
4 65
30 31
8 89
68 92
1 82
32 73
93 96
16 54
6 12
15 90
88 96
67 91
96 99
78 79
43 93
21 57
38 82
92 98
16 31
18 36
70 72
68 97
2 4
9 21
80 81
14 72
50 54
1 41
61 66
80 96
66 96
3 42
62 77
94 96
10 42
46 96
25 72
74 90
65 100
96 99
3 63
46 62
16 92
66 84
76 84
29 90
91 95
85 98
48 88
22 78
20 56
97 100
27 72
74 78
45 85
5 85
6 86
46 48
53 99
34 83
18 80
42 81
68 99
66 85
86 98
58 60
52 90
66 91
61 92
90 97
80 89
97 98
40 72
46 72
5 34
20 98
80 92
43 52
18 74
81 92
93 95
85 98
83 100
91 93
38 88
36 63
73 76
89 98
85 91
75 99
83 94
88 89
83 98
45 66
32 78
21 99
6 15
80 88
61 76
61 62
84 94
29 77
7 9
41 69
35 74
61 85
72 82
48 88
66 72
63 97
78 98
19 52
79 100
19 70
7 70
8 83
52 85
79 81
30 42
60 67
11 29
25 40
29 30
57 97
93 98
5 22
91 98
54 64
97 99
69 89
12 52
12 72
15 26
95 98
66 90
2 75
52 79
86 90
80 81
18 64
47 67
76 83
80 95
57 58
60 96
3 69
41 46
98 99
66 99
81 91
11 45
66 87
23 86
64 98
27 72
82 100
33 43
84 90
26 83
3 5
92 97
83 89
30 58
45 75
26 91
40 87
28 52
4 56
9 76
70 95
41 89
47 90
80 96
25 99
81 98
12 31
39 77
72 85
86 92
71 87
29 73
69 77
57 72
8 83
15 97
15 59
66 100
58 71
37 40
98 100
69 77
53 75
67 90
31 91
90 99
44 63
39 63
65 70
9 100
21 69
70 93
6 75
19 42
5 45
76 100
96 100
86 95
42 94
69 89
12 72
93 100
80 87
37 48
21 72
65 82
33 90
26 33
47 56
84 97
26 90
90 98
12 95
1 89
40 70
53 67
69 89
20 40
40 89
29 38
25 67
80 95
77 84
53 74
40 100
25 80
6 95
96 99
32 70
54 86
59 62
54 86
53 97
64 70
31 60
38 57
62 88
79 92
40 87
48 50
81 84
71 98
78 95
29 43
40 86
55 56
53 77
27 83
9 88
92 99
10 96
16 64
18 92
60 72
49 66
24 64
68 100
25 78
21 41
49 81
20 77
89 91
27 80
49 94
80 86
46 66
78 93
30 85
72 81
93 94
78 83
22 95
90 98
61 77
60 83
37 86
48 81
13 26
27 45
18 31
7 95
36 72
86 88
72 82
99 100
20 28
56 89
99 100
37 64
29 94
66 86
95 100
99 100
52 69
53 82
55 100
27 72
43 48
29 68
59 66
75 100
53 98
48 100
39 45
93 96
46 79
61 72
49 95
49 78
7 67
49 68
5 50
72 81
23 68
49 75
23 100
71 86
76 89
75 89
44 75
42 77
4 73
11 71
44 61
63 92
47 61
3 89
29 89
74 84
4 18
37 79
23 41
52 83
51 89
98 99
41 53
62 76
62 78
27 56
50 77
9 46
16 36
54 79
16 97
62 73
81 93
28 84
38 70
83 92
2 81
30 39
76 77
30 95
59 92
70 82
57 81
47 55
30 59
86 97
72 95
58 62
29 87
7 32
70 79
27 99
32 77
26 69
19 90
18 80
98 100
49 52
75 78
40 71
75 85
30 56
30 44
86 89
87 91
4 12
41 93
40 66
14 61
93 95
60 94
95 97
60 88
15 47
41 63
44 75
11 47
64 99
40 63
61 72
70 82
95 100
96 100
78 89
90 92
82 84
13 40
30 93
92 98
69 95
10 63
11 16
65 82
14 90
76 85
3 29
63 67
7 68
5 71
92 100
79 97
90 98
14 39
84 92
18 39
60 64
59 76
91 99
44 91
50 74
35 95
19 79
27 91
8 82
51 69
32 57
71 92
65 76
17 42
21 48
32 94
82 99
89 93
33 80
19 51
91 94
34 57
20 54
87 89
17 62
50 54
43 54
23 39
96 98
2 86
93 96
98 100
76 85
20 73
79 96
37 40
3 51
11 35
11 49
50 61
98 100
32 46
67 95
67 78
23 46
68 81
60 100
55 100
30 64
97 98
72 92
16 39
97 98
30 99
94 97
85 93
64 87
51 72
44 57
10 56
33 65
40 45
69 84
12 67
78 90
84 86
48 76
46 81
36 56
72 85
72 93
40 59
73 80
83 95
10 66
26 53
57 69
61 70
69 92
50 63
5 80
69 76
44 48
89 100
22 79
44 45
39 50
31 70
30 68
30 63
96 100
61 77
74 85
96 99
6 63
23 91
36 51
60 73
87 96
78 84
11 15
72 78
86 92
49 70
86 92
7 82
37 39
37 79
14 47
35 41
20 39
55 66
50 96
90 98
10 93
21 63
99 100
6 79
7 98
52 69
43 98
58 80
55 86
46 88
47 99
87 98
50 89
44 57
67 84
10 28
37 59
92 100
37 70
15 46
87 94
75 84
45 89
47 79
75 86
48 49
94 96
83 87
32 60
59 74
57 68
94 100
88 90
43 44
17 24
91 93
10 46
23 65
84 89
58 84
19 49
82 93
22 51
78 83
97 98
40 99
39 87
42 59
84 87
92 94
78 81
53 59
57 67
70 93
3 60
2 45
4 56
53 97
46 59
45 92
77 92
98 100
71 82
69 73
41 98
36 86
10 27
33 79
7 56
68 98
85 95
5 46
43 98
41 77
25 29
83 90
95 96
21 64
67 84
18 65
72 73
37 69
46 86
90 98
31 52
35 40
66 71
19 60
48 83
96 97
69 80
13 46
75 94
62 82
83 93
47 55
85 96
33 82
66 71
7 20
3 62
64 88
25 58
18 65
28 65
42 57
30 71
72 100
38 59
52 62
24 59
45 94
88 95
33 46
1 69
82 98
90 92
20 53
89 92
94 99
86 95
72 74
11 80
26 70
98 99
88 94
38 57
15 21
83 85
16 39
22 98
42 67
59 82
37 72
33 69
70 98
26 65
53 79
61 87
59 77
71 72
45 82
23 43
84 93
72 93
37 72
54 63
32 75
70 77
26 77
77 85
79 86
44 59
24 69
73 80
78 86
66 78
65 69
26 76
6 100
51 85
17 44
64 71
18 45
82 93
63 74
91 94
85 94
38 71
93 98
91 99
11 27
91 97
65 80
34 67
48 86
15 94
54 85
68 82
91 99
53 97
2 100
87 88
68 87
99 100
46 99
3 6
9 40
51 87
32 88
90 99
6 93
54 56
16 69
28 74
63 72
34 82
66 86
29 63
35 97
18 70
35 87
45 76
44 66
46 53
23 30
75 81
92 93
55 88
43 69
54 95
66 90
72 87
51 55
24 33
10 84
80 88
84 87
99 100
10 85
72 80
73 79
24 52
49 97
5 63
46 65
2 31
55 79
18 47
24 43
27 76
43 50
68 75
93 100
96 99
23 33
28 34
84 96
14 28
31 66
82 90
10 79
74 89
10 28
13 88
22 51
40 69
2 96
63 93
32 53
12 58
22 52
3 24
30 57
70 98
21 95
68 86
89 91
20 61
25 53
95 99
59 85
15 60
79 88
40 96
41 52
70 96
66 76
85 92
59 68
67 94
22 43
37 71
12 43
38 100
25 98
5 74
16 39
45 100
88 99
74 86
34 57
40 43
38 53
62 77
89 93
23 32
57 64
61 69
77 89
71 95
49 69
74 89
49 84
73 82
68 91
35 90
94 98
40 61
40 100
14 56
12 70
3 24
74 76
9 92
56 71
9 87
65 78
35 69
83 93
90 91
71 100
92 100
83 85
32 56
96 100
21 27
90 100
22 36
42 96
46 69
91 97
89 99
57 97
14 15
20 82
33 83
81 97
8 34
27 58
29 42
57 85
58 66
57 67
40 92
49 57
35 42
98 99
98 100
35 63
35 92
26 57
83 99
97 100
43 49
26 76
86 97
90 94
99 100
20 59
62 74
10 19
38 70
64 71
63 64
28 94
20 35
45 84
73 92
42 43
58 92
54 56
12 31
88 91
15 70
56 97
45 82
57 64
9 69
48 98
66 75
89 93
88 94
92 96
78 86
61 90
6 95
55 96
54 57
62 94
70 79
17 20
86 91
46 88
3 14
77 97
29 73
90 96
54 55
53 55
25 43
23 46
38 100
46 90
13 24
47 72
30 91
23 44
36 93
57 94
68 82
58 79
26 38
29 86
29 68
84 88
82 94
13 55
5 16
16 41
32 96
99 100
54 98
68 97
86 100
87 96
53 86
63 81
73 83
23 97
23 76
18 36
68 95
44 73
51 98
24 66
6 31
99 100
1 5
19 75
80 86
58 75
2 59
39 93
38 97
11 90
40 88
52 58
48 90
49 77
19 55
2 74
70 97
47 48
21 85
13 70
6 35
16 59
55 86
2 87
32 68
54 75
84 97
64 92
34 35
81 89
47 86
55 87
15 69
63 91
69 98
59 73
97 99
23 71
51 94
44 77
14 50
36 99
55 86
96 98
82 86
17 72
74 80
58 78
68 93
93 95
93 97
40 48
37 46
67 95
23 87
27 89
91 93
62 69
48 58
68 98
2 94
54 85
32 66
59 89
13 15
5 15
35 50
7 44
53 95
59 98
5 72
82 90
17 61
59 92
57 70
67 87
41 74
14 31
50 97
78 84
74 81
82 93
39 47
86 91
22 64
29 57
22 55
19 27
88 91
76 90
72 84
56 97
2 56
38 69
55 57
7 31
26 44
38 64
43 44
74 84
66 82
28 96
2 23
12 98
56 57
84 100
79 94
66 71
28 49
87 100
71 86
7 59
87 100
2 83
82 91
40 92
55 84
33 74
66 80
11 80
11 90
75 80
64 74
4 19
14 37
52 75
19 71
16 70
26 33
30 48
88 93
23 99
5 70
39 96
34 50
37 85
93 97
65 92
6 71
45 68
98 100
36 39
17 93
39 99
57 89
95 97
92 99
39 82
78 93
65 87
20 25
83 94
92 99
88 97
83 87
36 83
69 85
71 72
77 79
56 84
39 71
97 100
18 33
68 81
86 96
52 85
39 62
15 74
42 49
6 98
70 96
1 35
59 74
7 61
12 56
19 78
81 95
55 70
89 100
70 95
84 92
61 92
98 99
69 71
21 74
93 98
38 50
29 82
49 60
16 54
31 40
48 60
39 78
8 86
27 100
73 92
77 98
76 93
7 27
54 97
61 97
57 71
55 60
86 100
65 71
95 99
35 72
40 97
11 40
20 85
47 50
75 100
17 48
5 90
66 95
50 87
35 86
20 34
86 90
8 57
82 87
60 82
31 46
60 70
47 48
75 76
61 91
50 51
97 99
74 79
77 84
11 31
64 78
27 77
94 95
2 47
20 47
52 68
14 60
46 78
43 47
81 95
82 83
40 67
66 71
33 75
38 85
58 63
18 84
47 51
37 98
48 56
48 63
28 49
80 100
11 16
40 79
67 76
18 59
61 83
14 100
53 62
41 89
90 93
12 43
67 75
71 89
98 99
80 87
72 78
24 40
34 50
28 32
82 96
69 80
2 61
77 85
29 89
77 95
73 84
9 95
1 3
48 50
76 89
78 89
87 94
32 40
70 99
42 95
99 100
40 78
22 88
44 45
74 100
37 58
50 70
16 17
81 93
19 20
76 87
52 99
4 78
92 97
45 82
64 96
12 72
29 99
51 60
42 52
27 44
1 55
30 89
91 96
62 95
29 97
66 72
53 57
65 88
88 89
57 74
25 42
38 61
27 85
92 93
55 84
47 50
54 74
97 100
38 48
23 68
21 71
84 95
88 100
44 73
98 99
76 88
99 100
14 89
29 57
23 65
5 11
14 97
72 91
9 67
6 80
60 78
35 51
45 82
3 14
31 88
1 95
43 47
14 63
99 100
24 81
87 91
66 74
31 63
32 91
90 99
90 92
95 98
10 70
28 58
95 98
41 98
67 95
70 72
36 69
76 92
93 94
8 26
57 75
24 70
6 24
42 49
35 54
72 94
79 93
86 87
8 13
10 21
70 99
44 75
83 95
49 64
24 25
71 75
44 76
38 74
60 74
34 69
32 98
54 63
71 82
52 95
30 93
92 97
77 86
23 79
21 90
43 53
92 100
42 57
41 61
41 51
66 78
11 23
18 52
28 45
17 44
19 76
97 100
71 92
52 93
33 56
57 78
5 64
75 79
55 59
7 97
26 88
80 86
85 94
76 88
1 34
37 61
60 86
95 98
45 75
55 71
76 83
52 100
4 17
45 89
16 47
50 51
3 11
67 75
47 62
39 64
5 78
56 81
17 98
53 85
39 82
45 61
26 99
10 76
31 73
73 84
3 71
22 57
7 94
81 95
53 94
84 99
90 93
90 94
3 91
48 52
97 99
76 80
26 92
80 85
1 100
26 92
66 83
26 74
92 94
76 94
33 68
38 91
33 76
56 97
4 53
4 39
86 87
4 17
93 100
64 76
45 93
65 94
27 82
10 34
38 56
3 73
91 94
69 79
27 71
66 88
79 90
91 97
95 99
71 94
17 41
5 58
24 55
52 97
80 85
64 93
43 80
6 10
2 5
98 100
89 92
27 73
58 96
31 57
35 84
28 59
56 79
94 98
14 78
45 61
90 95
33 58
31 78
32 90
9 72
90 98
62 89
45 80
41 50
84 92
38 89
16 36
43 64
73 99
15 47
96 98
96 99
5 42
43 55
21 41
31 91
58 63
6 63
25 45
4 81
64 91
57 68
72 81
80 88
25 46
52 72
59 70
8 10
15 71
46 51
11 27
61 79
59 96
2 52
63 72
90 92
29 89
71 82
35 99
48 93
84 99
66 86
79 84
5 36
42 67
26 71
36 91
57 76
3 5
57 78
59 99
17 54
84 100
75 94
37 41
89 96
30 80
26 91
5 64
41 63
18 97
92 100
29 46
55 64
40 43
99 100
4 74
75 97
81 92
92 94
9 100
26 67
89 92
18 31
72 80
41 73
19 35
76 97
17 80
60 90
70 98
75 95
87 88
24 77
21 71
63 72
75 77
49 58
35 55
53 75
25 60
3 31
65 81
31 81
25 62
49 85
41 57
58 76
98 99
96 99
47 51
51 76
62 77
22 89
85 91
62 82
95 100
94 100
27 58
30 37
77 88
72 99
45 94
38 100
19 79
98 99
55 60
42 70
89 99
80 91
11 100
97 99
18 22
57 68
20 37
70 79
90 94
49 88
25 67
31 65
31 37
6 78
81 83
43 67
74 84
31 76
22 46
37 73
21 84
3 26
9 60
70 84
81 96
73 85
66 76
72 89
13 94
67 81
16 30
83 98
32 90
53 86
83 92
78 80
30 32
17 75
2 79
70 93
63 90
12 70
4 75
22 62
36 83
4 95
89 97
16 21
71 77
96 99
99 100
38 87
68 90
54 63
58 65
34 75
45 47
98 99
19 79
59 69
74 76
7 87
83 99
12 18
4 86
85 88
26 60
58 85
55 87
45 85
79 84
43 52
33 56
44 85
38 53
86 96
95 99
40 70
27 64
67 96
30 94
14 46
64 79
4 84
8 89
86 95
18 35
6 72
31 92
27 40
39 49
27 54
65 76
41 65
90 91
98 99
56 86
47 66
63 83
57 65
41 89
54 58
69 90
47 93
40 63
3 34
41 92
26 49
44 48
16 24
98 99
46 93
78 94
25 69
18 40
27 67
62 91
88 99
80 96
20 73
56 60
92 93
14 54
52 86
92 97
45 86
16 63
67 82
93 97
58 66
69 96
39 55
81 89
8 73
41 63
92 97
75 93
94 99
72 81
95 98
65 76
81 96
59 93
46 83
93 96
27 58
7 9
46 85
2 4
98 99
88 89
61 91
84 91
75 99
80 97
67 100
14 52
47 67
89 98
88 99
66 93
87 97
67 96
21 25
25 92
19 99
9 40
39 46
74 78
76 78
45 92
98 99
90 98
38 69
15 83
19 66
1 85
62 94
33 36
56 95
47 49
3 45
35 75
65 91
30 52
8 59
25 42
47 63
40 51
22 74
91 100
85 99
78 85
52 59
32 36
68 80
65 97
52 75
44 66
96 97
31 34
54 61
20 92
88 90
6 78
36 38
21 68
59 85
79 100
27 35
43 97
95 100
70 89
41 49
63 82
17 38
57 76
72 92
82 90
23 87
28 83
92 98
53 91
31 40
81 85
26 68
86 93
97 100
49 75
18 47
62 84
26 92
84 90
87 92
9 99
69 79
43 79
75 99
82 90
16 32
56 71
63 97
37 93
56 99
88 97
1 75
63 90
50 77
81 85
1 66
41 59
72 99
84 94
38 41
53 61
48 88
76 82
24 76
7 85
74 86
72 95
79 95
33 55
36 98
21 26
80 95
72 79
95 96
84 85
8 37
54 61
85 88
8 40
67 91
63 80
80 91
77 86
20 79
81 100
51 72
68 71
73 93
38 48
25 49
70 88
81 88
23 78
8 58
17 85
20 32
16 29
18 21
81 95
52 95
72 74
87 97
84 89
91 95
22 100
69 89
65 67
31 46
43 60
16 21
61 89
82 96
23 65
57 77
56 65
86 90
11 50
55 57
30 87
23 51
58 100
58 67
93 97
99 100
44 60
34 81
3 20
29 69
86 91
89 97
71 97
98 100
49 85
89 93
61 83
27 45
22 54
45 90
70 98
99 100
3 25
6 30
94 96
3 76
61 66
30 86
93 100
39 73
89 98
47 71
33 82
32 65
38 73
3 17
12 99
18 54
44 91
97 99
88 99
22 96
45 52
10 64
88 92
31 92
80 91
3 95
93 98
43 56
79 89
27 87
29 69
12 77
38 72
99 100
34 60
73 87
80 82
88 98
14 94
66 70
15 42
59 92
91 96
33 59
65 95
35 50
33 96
12 74
5 56
22 76
76 97
19 53
62 86
43 53
28 49
12 16
35 73
38 92
69 80
47 50
59 71
67 70
28 31
19 68
6 74
97 98
57 100
89 93
30 82
75 90
85 86
5 47
28 87
80 91
69 93
5 35
75 97
84 88
17 33
7 99
55 74
80 81
16 32
87 99
65 90
6 35
37 76
55 71
29 36
53 83
29 55
96 97
72 89
70 90
99 100
21 53
11 46
47 82
90 95
92 100
6 18
80 89
31 65
44 87
21 55
43 93
81 99
81 98
56 68
31 100
71 78
78 85
76 92
94 95
13 39
50 100
29 78
63 98
11 13
24 37
32 62
60 70
61 69
96 98
79 87
91 100
27 70
68 89
8 71
43 64
12 82
79 85
59 74
45 71
20 33
22 98
37 50
33 72
94 95
45 77
43 100
2 62
55 89
52 62
1 29
36 38
17 31
73 86
72 93
33 51
95 100
32 89
60 92
18 55
7 65
6 48
92 100
33 60
43 44
62 81
2 81
36 40
49 54
92 94
88 99
61 90
74 93
25 65
70 86
85 89
21 52
27 77
23 58
77 85
75 91
5 7
5 93
28 60
30 53
76 96
74 86
80 81
87 93
40 88
82 88
36 47
55 64
30 58
73 74
49 56
32 53
55 82
50 98
22 33
77 82
29 44
43 83
69 73
64 77
92 99
61 91
85 91
25 53
8 62
32 90
84 86
91 100
60 75
22 33
44 89
6 88
30 68
56 59
23 98
30 93
64 84
17 81
74 94
45 84
26 74
33 89
42 84
28 47
43 88
55 97
47 83
26 90
31 47
21 100
61 79
10 89
13 83
5 87
66 95
23 78
21 45
57 83
3 56
13 63
95 97
30 88
5 30
45 76
54 72
92 93
26 88
22 91
65 73
30 85
44 72
67 93
2 59
33 58
67 90
13 50
80 97
74 93
12 66
70 94
93 94
72 77
78 84
83 90
23 74
43 78
15 45
79 84
48 51
35 53
60 98
94 100
35 79
61 76
83 88
2 6
16 44
9 70
5 98
8 82
58 94
40 77
5 74
61 68
14 84
84 86
28 61
21 28
67 88
12 51
60 97
38 74
60 94
95 96
11 76
6 86
13 45
68 71
64 69
8 18
21 44
51 52
36 82
50 65
55 94
94 99
3 8
76 100
36 93
77 85
26 86
85 90
4 27
15 55
66 71
16 25
67 94
50 93
77 79
36 71
52 54
24 51
92 95
8 89
27 29
40 53
1 12
48 63
19 35
23 71
2 89
74 98
20 37
44 93
60 88
33 81
81 99
60 90
35 94
21 47
84 91
23 74
7 87
96 100
17 68
73 80
87 93
71 99
21 92
42 72
20 49
89 91
38 94
15 26
55 56
5 57
36 51
6 37
39 74
31 98
30 37
1 37
61 89
92 95
79 96
98 100
10 40
53 83
88 93
41 75
3 46
39 49
78 94
19 66
13 60
42 69
60 96
81 98
81 95
17 97
